111101111010
000000001000
000010001110
000011101011
000100111011
111010010000
111011110000
111101011000
111101111010
000000001101
000101011010
000010011110
111110000110
111111111001
000000101010
000111100100
100000000000
001110010010
001100100110
010010110111
000110011001
001000110111
100100001011
001110000111
001001100100
100000000000
101001011001
010001000100
000000011111
000010010000
110100110000
111010010111
001100010010
111001000100
101011001111
110101010010
100000000000
110101000010
101100111011
101110010110
110110011101
110011100110
100000000000
000111011101
111011000100
110100011100
000110100000
001001011101
010011100010
101010101011
100100011011
110011001000
000100010100
111110110001
101111010001
111000110110
100100100011
111110010000
010000010101
111110110010
010010001101
110100010100
100000000000
111010100110
101100110011
110000101001
000100000000
101010011000
001010101011
010100010101
111101010001
011100100111
100000000000
101111111100
111001100001
011111111111
010000111001
001000001011
101001001011
100000000000
010111001100
101110100010
100110110010
011111111111
000101101101
010011110011
101100101000
100000010001
101111111011
000011001000
111100111111
110001100001
010110000110
001010111110
000011110011
000000000010
111010111001
111000101111
001010001110
101100001111
011111111111
111111001011
110010111001
111010011000
011111111111
000001001000
000010110111
111101001000
011111111111
110111011110
010010110011
111101101111
111110011111
001111110110
011111111111
111010111000
100110101000
011111111111
000111111110
001110110000
111111010111
000000100001
010010001111
011011000100
100000000000
111000011000
100000000000
100010101110
100000000000
100101110111
101011011101
111011000001
000100111101
111111010000
001101011101
001001000001
001010110101
010011000011
010110000110
011111111111
010001001000
011111111111
110110011111
010001011011
010010000001
111110010110
000111001000
100000000000
100110111000
110000000110
000111110100
011011110110
010110001000
110111010111
100000000000
010101101001
110011100010
100101101100
001100010011
100000000000
110000000000
011111111111
011111111111
101010101001
111001100111
011111111111
011111111111
000101101101
111001010010
011111111111
111011100011
011110111001
001111100101
001111011101
111000001000
111100111110
100000000000
000111101000
000001111111
001101100101
111001111100
001111011010
111000001001
101001001101
111101101001
000101011011
110011000101
100000000000
010000000001
010010100011
100110111111
100000011111
001110000001
100000000000
101010101100
001100101110
011101001000
011111111111
100000000000
110010011001
100011111111
111011101010
110101010100
011111111111
010001110110
001100001010
001100000101
011001111000
111011000101
101111000101
000010110011
001100010011
001100111010
011111111111
101101011111
110110111111
111010001001
010010100110
010100100110
011110101111
101011110100
111001100100
010000001010
111110001011
111000001110
000000101010
000010101010
010110101001
011111111111
001000111110
001000000010
001000100011
100000000000
111010100101
100111101111
011101100101
011010001110
110000011111
111011011001
011100111111
101010100100
101111111111
110001001100
101111100101
001001011111
100000000000
111001101001
111111001011
111000010101
100000000000
010100010011
111010010101
111001110111
101001001110
101011011011
101101111011
011111111111
010010101100
100010000100
111001010100
100000000000
111011100001
011001010111
110110000011
110001101100
001001111101
001011010110
110000101110
110111001100
000110010111
110001100011
101001111001
110001110100
001110010001
010001110000
010001100011
101111101010
000111100110
100000000000
100000000000
111001001001
111111111111
101111100110
101011010011
000110011101
011001110101
100101001111
000000110110
011100000010
000101101110
011000101111
001100110111
011111111111
011000100010
111100010011
101100011110
000111010110
101011010101
000011000001
100000000000
111011010111
111001000111
010101001011
111011010110
100111111000
110001010011
011111111111
111011101000
001101001100
001011100111
010100000010
011111101110
111100011000
110011001100
110011010000
010011011000
011100010010
001011010010
100010111000
100011001011
101110110010
110011110000
111110000011
100100110111
100011011111
111001010101
010001011001
100011000001
000001100110
101111101101
010111100001
110111010000
100001111001
010101011011
000100011101
101000001110
100010001010
000100010110
000011000100
100010011010
100011100011
110110100111
001111000010
111101110010
101111000100
010110100001
010011111001
100100001000
000101111001
111101000000
011110000011
010100011011
000110101010
000001010110
101000100101
110100010001
100000000000
110001110100
110001101110
000100010111
011111111111
011111111111
101100010100
100000000000
011111111111
111011111111
111111011110
100000000000
110011110011
001101101001
101111010011
011111111111
000000011101
011111111111
110000101110
100011010010
111001010011
011110011011
111101000011
111100110101
111101101001
001100000101
011111111111
110100000001
000000100111
001100111011
110001111110
101001001111
101001011100
000110010010
011001110100
011111111111
101100000010
010010010001
111001110011
100000000000
101101000100
010001110111
110101010110
011111111111
111000100011
000110100111
010010001001
101100110010
111101111010
001110100010
001000000011
110110011000
011000111111
100000000000
100100100001
110111001001
010000000000
000110101001
000101100111
100000000000
110101011011
111111111101
000110000001
101010000000
001100101000
001110010111
110001110111
001010101101
111001110010
001100011110
000000000011
100011111010
011111111111
000011011101
100111000111
111000011001
100111000010
111001100011
010010101011
101111000001
100011000111
001100101011
101000011101
010001100011
010001011011
110000111001
100000000000
000001001100
001110000010
100000101100
110101010101
101101101010
100000000000
010101111101
100010011110
100000000000
001001111101
001001000011
000110011110
000111001010
110100101000
100000000000
000010001010
011111111111
000111011011
100110000011
110001101100
101110110000
111111101110
101110001101
011111111111
010010100000
011011100000
101010110000
001100111110
111011011101
011000010010
010010010000
110111000100
000110101010
001111111110
101001110010
010001101111
010100001111
111111110111
010111101101
101000000110
001010010001
000110100100
011111111111
000010100101
001101001011
110110010110
011111111111
111000110000
101110001101
000001101110
001110101111
010110111001
000011010010
110111011100
111101011110
110110001111
111110110111
111110000111
000100100101
000100001101
000000011100
000001010000
000010011010
000100001100
000010001000
000010111011
000010101101
000010101110
111111010011
000011110001
000000000000
000000011111
111111011010
111101111111
000001110000
000010111101
000010010001
000001000000
000010110010
111010110110
111011111100
110111010011
110110111110
111011011000
110110100001
101110111100
011111111111
001001001010
011011110000
101011001010
111000101100
001111001011
001101010111
011111100001
000001101111
000000000111
111010110010
010011001010
101010100010
111111000000
010111010011
000011101010
000000110110
100010110010
100000000000
100010110101
000000111111
001000010101
100000000000
000010011100
011010010110
110010000110
011111111111
011111111111
011111101111
011111111111
111111111010
011010111000
100101001110
110000100100
100000000000
110101010100
100000000000
101100010101
000001100111
000000001101
100001111001
100011100100
000000100101
000111111000
000001100110
000111000011
100000000000
100000000111
001111010111
001011011100
100000000000
111111100111
110110111101
110100001111
100000000000
000101100000
011000010111
011101001110
111011100000
110010111101
101100001011
110011110010
111011111001
101111011100
000000111101
111000001110
011111111111
100100001000
110100101011
011111111111
001000010010
011101101101
100010010111
110110011100
110110011110
100000000000
101100001110
100010111100
101100000001
110111100111
101101000011
011111111111
011111111111
100111000101
101011110010
111111001101
011111111111
000111110101
001001100010
001011010100
111111010100
110011011111
000001000101
010111111111
100000000000
101110110011
010010000100
010100001010
101001101000
011000010110
100110001011
001101101101
011111111111
010001111001
111110000011
110101000011
010010011111
011111111111
001101111000
110010001100
001110011100
010111001101
101001110000
011111111111
100000000000
101101010001
110100001100
010101001001
010001001101
101101111111
001010011101
100000000000
111101111100
100000000000
001011110000
111111011110
110110100100
010111010110
010000011001
000011011011
001100000001
100000000000
001110001100
101100001000
100000000000
100000000000
100111000110
011111111111
001011110110
000110110100
011111111111
100011111011
111010010100
001000001110
100000000000
010111110001
100110010001
100000000000
111001110011
010101101011
110110011110
000011001100
100011111011
000101111011
000100011111
011111111111
000110000011
010001101000
011111111111
111101101001
111000111101
010101101011
011111111111
010000011001
011111111111
011111111111
010110000011
101010111110
101111000110
010111110010
011111111111
111100000111
011100011100
110100101101
001000001100
110100110000
100110101000
110000010100
001010001001
111001101100
000000110110
011010000100
111000001101
011111111111
001001101101
110111011100
101011100100
100010010101
010110000010
110011000101
010100001001
000011000110
110101010010
010000000110
101000010110
000100100010
110111011110
000001010100
001111010001
000001000100
100000000000
110101101111
110110010110
000101111101
100000000000
001010000110
000101001100
010100111111
001000010111
100001100101
111011011110
111000000110
001100000001
011111111111
010000001110
111101101000
000001011010
000101000100
101001101111
110100011100
111110101011
111011010101
111100110000
001010110010
110111011000
111001110000
111100110101
101100011101
000000011001
111100110101
001000011010
111101011100
001010100101
101111000101
000000010100
110000110110
010000010110
100000110110
111100111010
000001011110
011111111111
010110010000
011110010101
101111011010
100000000000
101010010011
101001010001
111101010001
010101101111
001001011111
101010100110
100101011111
100001100000
100000010000
111100001100
100000000000
011101111100
100111111001
000011000101
110100011000
001010001101
010010101101
110111011000
111000101000
001001000011
111010110011
000001011010
100000000000
100000000000
010100001101
110000010001
010010010000
111010111100
111010111111
111011110111
100000000000
011111111111
101000100001
001101001101
110100001110
100000000000
001111111010
100000000000
001010100110
011111111111
000110100110
101110011001
101100111111
111001100010
001000100000
100000000000
000100001101
111011100011
001000111001
000000110110
011111111111
000110010000
011101110110
100000000000
101011010001
110010101111
111011110011
000100101011
011000111000
100000000000
001011000101
100000000000
001011101011
001000111100
111100011000
011001000101
111111001110
010111100001
111001000100
010100010110
000001001010
000111010100
011111111111
011110111100
110100001010
000110101011
011111111111
111100101010
011111111111
101000110000
011110111110
110000110111
010101000010
110111100011
101011101111
110011111100
011111111111
011111111111
000101101000
111010100101
000110100010
011111101000
001101101011
011001001010
111110111101
000010000010
000110000000
011001000000
100001101011
011111111111
000001101000
011111111111
111110000111
000000111101
111001001011
110111000011
100000000000
111110100000
000010011100
011100000101
011101110000
011111111111
110010110111
101010101110
011111111111
100000000000
001001011110
100000000000
100111011000
110101111111
001100011011
101001011110
111101101111
000011011000
111011001001
000000011000
011111111111
101000010001
100101111100
011111000100
011001000111
101111011000
000001001111
011111101010
110100000000
011100100010
011101101000
100000000000
111000001000
000110110110
110001001111
100000000000
010001110101
111000010101
010111100010
000000111011
011001100110
111100001001
110111111100
001101011101
100011000001
010011110000
001110011110
101110011011
101111010100
110111011010
111010001101
001001101011
100110000011
011110110100
111110001011
111000011111
011111111111
000100010001
111100001111
011111111111
000000100011
001101101100
000000100010
111000000011
011101000011
111011110101
000110011001
000011110110
110010100000
101101111111
100001001101
010011000001
100110010110
110100000010
111001110110
001101001001
010000110101
010001001011
010011010001
100010110100
101010010101
110000011010
100000000000
010101110001
001111010011
010100101110
111011111111
111010011100
000110100001
011111111111
100011010010
100000000000
110011110100
111101100100
011011000011
100000000000
001111010010
011111111111
011010110010
001001010110
011111111111
010111100111
000000110001
010111010011
000010111111
100110100100
000101110110
110110111101
001111110010
110000010000
111011111111
110000110111
011111111111
110101111101
011110010010
001010001010
010100110101
110100100010
000110101100
101011100100
001000100100
111011101000
011010011010
011111111111
100101110011
110010101111
111101011000
110101001001
011001110101
000110111010
000010110100
111001110111
111000110111
111010111110
111100001010
111111111000
000000100110
000001001101
000010111111
111110110101
000000100100
111101111010
111111100010
000010011010
000011001010
111101110100
000100000111
111011101000
000100011110
000010101110
111000010110
111000111000
111011100010
111011101011
000001110001
000001101000
000011010111
000111100100
001010101000
000110101010
111001010011
111001001001
011111111111
010100001110
100000000000
011111111111
100000000000
001010000111
111110111011
111100100110
010011011000
000101111101
110101111011
011000110001
100010000000
000110010011
101000101001
111011101001
001000010000
110011000000
100010000011
111100010111
101110101011
101001010011
001111101011
011111111111
001100010011
011111111111
100000000000
101101001010
101101111101
010011011111
000110110111
101010001100
100000000000
000001010100
011010110011
100000000000
101001110010
001111100001
000110011100
110000011111
001100010010
010011111101
011111111111
001111011101
010101011011
100100000000
110011010010
010100111000
101110000100
100000010101
001001101010
001011011111
010010101001
100001111101
100000000000
111010001100
100001110111
011111111111
100000000000
110100001000
111100110110
111000110111
101010100011
101101000111
101011100110
001000101110
111011100010
100000000000
110110010100
111000110011
001110011011
101011010010
100000000000
001100111111
101111111010
011111111111
000001100101
111001001011
100100010101
001011100010
010001110010
011011100000
001010100001
010111110000
000011101011
101000010101
100111110001
110001111110
001100110101
010001100001
000011000001
001011100110
011111111111
011111111111
110101111101
000111011111
000011000100
111100100001
111111001001
110011010010
001111110111
100000000000
010111010110
011110100010
100000000000
001110011011
011111111111
110010000001
110101111101
011010011111
000100101001
011101000001
110101010010
111111010101
111001001110
100000000000
110101101010
100111110001
110111101111
100101011110
010100010000
011111111111
110111110101
110110010001
011111011100
011111111111
011010000101
111100111110
111110110001
000010110111
010001010011
001000000111
010000111010
011000100111
000100101011
101010011111
001000110101
000000111011
001101000000
001010011110
101000011011
011111111111
100000000000
110011000111
101110010010
000111100111
100000000000
011011101001
000001011011
101001000001
011111111111
001100011001
110010010001
011111111111
111001110010
011111111111
001110101000
011111111111
100100001110
000010001100
100000011110
100000011000
010000000011
001101110011
101101010110
000001111100
000000100000
000100111111
111011011010
111011011011
011010101101
101000101011
011111111111
000011010010
000110111101
011111111111
011010101010
101100110011
110111001001
110000100110
011111111111
110100111101
111100000100
111100000010
010010001000
010011001110
000000000000
001000000100
010011000001
010111110110
010010010011
101000011010
101111011010
110011111001
010100110010
010110100111
011000001100
110101110100
101101000110
100001000101
001111110000
101110111110
000111000000
011010110010
001000101110
100100100010
010010011001
010010110001
110110011011
101011100001
111111001100
011111111111
010101011001
101101101100
111010000100
110111110101
111100010010
111000010101
000100100011
111001010110
001010110100
001001011001
100000000000
000001011111
000000011110
101011110011
111111010001
100000000000
111010110011
110011010001
010010010100
110100100111
011011111100
111000110001
101000001001
000001001010
100000000000
100011000001
100000000000
100000000000
000010110001
011010011101
010001001001
001011110010
111110101101
011111111111
011110100010
110110111110
100111101110
001001111001
100000000000
011111111111
101010011110
111101101010
001000010010
000000101111
110001110011
111111000010
111111010010
100111111011
111111010010
010111011010
100111011001
000111110000
100000000110
101001100010
101101110010
001111100010
000111000001
000011011100
001001110001
001001001100
001100001111
000101100010
100111100000
001111000100
100000000011
010001001111
010101010011
110111101111
001111110000
010101111111
101000100000
001000000001
011111111111
110101010000
001111101000
101010010100
001011110101
111101011111
111011001000
111110011011
001010011000
010001000111
100000000000
100000000000
111011000110
110011110110
000001100011
011111111111
001101011000
110000001000
110100100111
011010001100
000001000011
101110100100
011110011110
111001100010
111110110101
000111111100
010000001100
111011011000
111000000001
000010100011
010100110001
100101010010
011000110100
001111000110
011111111111
111000011110
111110010000
110000010000
011111111111
110001100000
010101000101
110110111100
001001001001
111010001001
111000000110
011100110101
011111111111
111111000011
000100111100
110101111010
010110000100
111100111001
100000000000
111110100100
000101010011
000111110100
101110100110
101010010010
011111111111
101100000001
100111011101
011111111111
011111111111
010101011010
011000011011
110001011001
101111100100
100000000000
010010011101
001010011001
011111111111
101111010100
110000010010
101010111001
000101101101
101011100111
011111111111
001001110101
110001101000
010010011110
010110110010
100101011111
010000000100
000011111100
011111111111
001000011100
101101000011
000010001011
000111001100
110111011100
000000010010
010010000101
110010101011
100100101010
100000000000
111110010111
111011111000
001100001000
010101101010
000100010101
111101001110
000000000000
100000000000
111110001001
000011111110
111010000111
100000000000
001101100011
101010110001
010100100001
001010000111
001011000001
001110000101
001000110100
001111101101
101111111111
001101100011
101100001010
001101111001
011111111111
100111100110
000100110101
011111111111
011001000111
101100011011
110111100101
111100001100
101100000010
001100000011
110011110011
100000000000
001110001001
001100100100
010001010000
011111111111
100111100011
001101010101
100011111011
111100001001
110100010010
011111111111
010011000100
011011110001
100111110010
011111111111
100000000000
100000000000
001011000110
100001111011
110111000110
001110110111
111111000000
100000001111
010100011101
010000111100
110100011100
000010101010
101101111000
000111111101
110101110100
111110110000
100011111101
000011010000
001100110101
000110100001
100101010110
100000000000
000101100110
111010100011
111000001100
100010010111
001010100010
001010100110
000000000000
101010011101
001010000100
011100111100
100000000000
100000000000
001000000011
100000000000
001010110000
000101011011
100000000000
111010101110
010101000101
011111111111
100110000111
100000000000
110001100100
010100100011
101101011001
101010101100
101000100001
110111100110
111100110111
000101010010
000010011000
000011011010
111101010000
111111110101
000010110100
111100111000
000001110000
000001111100
111110010111
000010001101
111110011111
111101110100
000101010011
000010011101
111111010111
111110000111
111110011101
111111000111
000000100111
000010101000
000100000001
000100101100
000100011000
000011001001
000001010111
111111010111
111101000111
111011100001
111001010110
111000111011
110101111110
111000011111
111010011001
111101101010
000001011001
111110000010
000000000001
111101111110
110110011110
111000100110
111000101011
111001100000
000010010110
000111011110
001001101011
010100000100
010100010101
010011101100
010100001100
011110000101
010110111110
000111010110
111100001111
111010001111
101101100011
110100010010
101000100110
110100111110
111110101101
000101000000
001110011101
001001111100
001101110011
001100010010
000110010110
000010000010
000000010001
000000101001
000010000010
000011000010
000100000101
000011000011
111110010110
111001000111
111011101101
111101010010
111101011011
111110001100
000001111001
111111100111
111111011100
111101111110
111101001010
111010111111
111100011000
111101001010
111111011101
111110100111
111101110000
111101101001
110101100010
111010111011
000010100000
001000100000
010101110010
010111001110
011111111111
010010010010
010010011011
000011011100
111110111110
111101101001
111010010010
110110111110
000010000011
110111001111
111010111101
110100001100
110011000101
110010010111
101011011001
110011001001
111111101111
000110101011
001000110010
001100001000
001001110110
000110100101
111101001101
111011101001
111011010001
111100100010
111110001101
000011100101
000110001111
000000010000
111000101010
111110110111
111010011010
111001111011
110111110101
111101000100
111101010100
000100011001
000110011010
010000001001
001000101110
001011110101
000100100010
000010001100
111110110011
111000111010
111000111000
101100001000
111000001100
110111100100
111011001001
111100100001
111011100101
110111101001
111000101001
110111110010
110100111010
111011101111
000001100111
001000001011
001010101101
010110001101
001101000111
001010011000
001000000000
000000110110
111101111100
111111101000
000001101111
000010100000
000010000001
000001011010
001001110011
000011000000
111000000011
001000101110
111100101111
001100000001
001101111001
000110000000
000011110111
000001111001
111001001101
111000101000
111001000011
111010100001
111101100010
000011110111
010000000000
001111101101
010000000101
001101001101
010101110101
000111110011
000011111011
111011111011
110110111011
111000000011
110000000001
110000011001
111011111100
000000011101
000100110011
001010111100
001110011001
000011111001
001000011101
000011000111
110101010001
111010001000
101101101010
111011011011
111101111001
111100111111
111100000101
000101010111
000101101000
001100100011
001010110010
001011011111
001111111001
010000001111
001011010010
000101101111
000111001011
111000011000
101111101011
101010000101
101111100110
110011101111
110101111000
000101000010
000101110000
010000011011
010001000001
001010111101
000100111100
001000001101
111100010011
111110100010
111100100110
111100101011
111100000001
111110101101
111111000010
111000110011
101011110010
110100111101
110011111111
101101000010
110111110110
110100100111
000010000111
000000001010
111000000101
111110011001
111101100100
111110110110
000000001110
111101001101
111101011101
000000010101
111000000010
111011110110
111100110011
000011011010
000110011110
001110000010
001101110100
010010110110
001011101010
000101001011
111111000101
111111101010
111001110101
000001001001
000101110111
010001101011
010010000010
001011110111
001101110001
000111001000
000001011100
000001010010
000000011110
000001011110
000000111010
111111111111
111110110000
000001111001
111100000001
111111000000
000010010000
111110111000
111111110011
111111000110
111101001100
111001110000
111100110001
111110101010
111100101101
000110010101
001100111110
001100110010
000101011001
000100000100
111100001010
110100011001
111011011001
110100010111
111000000100
111100010010
111011001010
111010000111
110101110011
110011011000
100011100110
101110101010
100001010111
110100111111
111011010011
000001000110
000110001011
001011110000
010001011010
010100111000
001100011000
010101000111
001111110100
011010001100
001001001000
001100000001
000100001011
001100001000
001001010011
001001001010
000111101101
001100000110
001100000001
001111111100
010001111111
010100100011
010001110000
010000000101
001011111001
000110110001
000100111110
001001100001
000111100000
001000111011
001001101010
001110000100
000101100001
111111010000
111010101001
110111001101
110010101000
110001011110
111000100101
111011100000
111100111100
111101011010
111100000110
111010011111
111101100100
000000101001
000101010110
001000010111
010010100001
001111101001
001110100110
010101100111
000101110111
000011001110
111111111101
000010001010
000101100010
010001110111
011001110111
010110000101
011111111111
001101001101
000011100010
000001110110
111001001101
111010100110
111101011111
000011111010
001100011001
010110111101
011111111111
010111100101
011100101110
011101110101
010011011001
010000011100
010000010101
000110111001
000110100100
000100111010
000010010000
111111011000
111100001110
110100000011
110100111001
110000110111
110100100001
110011100000
110101011011
111011111010
000001000111
000101001111
001000111010
001010011011
001001101001
001101000011
011000110101
001101110000
001010100010
000110110100
000001100100
111101110100
111011100111
110011000110
111111001110
000010101010
000111001111
010000100110
001100001001
001101001010
001101011010
001101010000
001110001011
001100010110
001110010011
001011001000
001101011000
000101110100
111111011011
111010001010
110110001010
101111101101
110111000101
111001101010
111101010100
111111111101
000001100001
000010001110
111100100011
110110111011
111010010110
111010000010
000000000011
000010110010
001001110100
001111011100
010001010111
001110101110
001011011111
000000100010
111100101110
110010101111
110111001011
110011100011
000000110111
000111000010
001110000011
001101101010
001101100111
001011100100
001001101010
001001011001
000000010011
111111001110
000000110111
000010010000
000100101010
000001001111
111100111100
110101110000
101110011101
110001011101
101111001111
100110011000
101101011000
110110111001
110010001111
110100011010
110101001010
110001111100
110010110001
110011001010
110011001010
111100000110
111110110000
000011111000
000001000110
111111011010
111101110011
111000010010
111000110111
110111100101
000000110111
001000011110
111100111111
000111011110
000100001110
000110100100
000110011010
001000000001
000001011100
111111001111
111101001110
111110110110
111101100011
111110010101
111111101101
000000111001
000001000111
000000010010
111110110101
111100111000
111100000000
111100110010
111110010011
000001001000
000011001010
000100010110
000100001111
000000000000
000000000000
000000000000
000000000000
000000000000
000000000000
000000000000
000000000000
000000000000
000000000000
000000000000
000000000000
000000000000
000000000000
000000000000
000000000000
000000000000
000000000000
000000000000
000000000000
000000000000
000000000000
000000000000
000000000000
000000000000
000000000000
000000000000
000000000000
000000000000
000000000000
000000000000
000000000000
000000000000
000000000000
000000000000
000000000000
000000000000
000000000000
000000000000
000000000000
000000000000
000000000000
000000000000
000000000000
000000000000
000000000000
000000000000
000000000000
000000000000
000000000000
000000000000
000000000000
000000000000
000000000000
000000000000
000000000000
000000000000
000000000000
000000000000
000000000000
000000000000
000000000000
000000000000
000000000000
000000000000
000000000000
000000000000
000000000000
000000000000
000000000000
000000000000
000000000000
000000000000
000000000000
000000000000
000000000000
000000000000
000000000000
000000000000
000000000000
000000000000
000000000000
000000000000
000000000000
000000000000
000000000000
000000000000
000000000000
000000000000
000000000000
000000000000
000000000000
000000000000
000000000000
000000000000
000000000000
000000000000
000000000000
000000000000
000000000000
000000000000
000000000000
000000000000
000000000000
000000000000
000000000000
000000000000
000000000000
000000000000
000000000000
000000000000
000000000000
000000000000
000000000000
000000000000
000000000000
000000000000
000000000000
000000000000
000000000000
000000000000
000000000000
000000000000
000000000000
000000000000
000000000000
000000000000
000000000000
000000000000
000000000000
000000000000
000000000000
000000000000
000000000000
000000000000
000000000000
000000000000
000000000000
000000000000
000000000000
000000000000
000000000000
000000000000
000000000000
000000000000
000000000000
000000000000
000000000000
000000000000
000000000000
000000000000
000000000000
000000000000
000000000000
000000000000
000000000000
000000000000
000000000000
000000000000
000000000000
000000000000
000000000000
000000000000
000000000000
000000000000
000000000000
000000000000
000000000000
000000000000
000000000000
000000000000
000000000000
000000000000
000000000000
000000000000
000000000000
000000000000
000000000000
000000000000
000000000000
000000000000
000000000000
000000000000
000000000000
000000000000
000000000000
000000000000
000000000000
000000000000
000000000000
000000000000
000000000000
000000000000
000000000000
000000000000
000000000000
000000000000
000000000000
000000000000
000000000000
000000000000
000000000000
000000000000
000000000000
000000000000
000000000000
000000000000
000000000000
000000000000
000000000000
000000000000
000000000000
000000000000
000000000000
000000000000
000000000000
000000000000
000000000000
000000000000
000000000000
000000000000
000000000000
000000000000
000000000000
000000000000
000000000000
000000000000
000000000000
000000000000
000000000000
000000000000
000000000000
000000000000
000000000000
000000000000
000000000000
000000000000
000000000000
000000000000
000000000000
000000000000
000000000000
000000000000
000000000000
000000000000
000000000000
000000000000
000000000000
000000000000
000000000000
000000000000
000000000000
000000000000
000000000000
000000000000
000000000000
000000000000
000000000000
000000000000
000000000000
000000000000
000000000000
000000000000
000000000000
000000000000
000000000000
000000000000
000000000000
000000000000
000000000000
000000000000
000000000000
000000000000
000000000000
000000000000
000000000000
000000000000
000000000000
000000000000
000000000000
000000000000
000000000000
000000000000
000000000000
000000000000
000000000000
000000000000
000000000000
000000000000
000000000000
000000000000
000000000000
000000000000
000000000000
000000000000
000000000000
000000000000
000000000000
000000000000
000000000000
000000000000
000000000000
000000000000
000000000000
000000000000
000000000000
000000000000
000000000000
000000000000
000000000000
000000000000
000000000000
000000000000
000000000000
000000000000
000000000000
000000000000
000000000000
000000000000
000000000000
000000000000
000000000000
000000000000
000000000000
000000000000
000000000000
000000000000
000000000000
000000000000
000000000000
000000000000
000000000000
000000000000
000000000000
000000000000
000000000000
000000000000
000000000000
000000000000
000000000000
000000000000
000000000000
000000000000
000000000000
000000000000
000000000000
000000000000
000000000000
000000000000
000000000000
000000000000
000000000000
000000000000
000000000000
000000000000
000000000000
000000000000
000000000000
000000000000
000000000000
000000000000
000000000000
000000000000
000000000000
000000000000
000000000000
000000000000
000000000000
000000000000
000000000000
000000000000
000000000000
000000000000
000000000000
000000000000
000000000000
000000000000
000000000000
000000000000
000000000000
000000000000
000000000000
000000000000
000000000000
000000000000
000000000000
000000000000
000000000000
000000000000
000000000000
000000000000
000000000000
000000000000
000000000000
000000000000
000000000000
000000000000
000000000000
000000000000
000000000000
000000000000
000000000000
000000000000
000000000000
000000000000
000000000000
000000000000
000000000000
000000000000
000000000000
000000000000
000000000000
000000000000
000000000000
000000000000
000000000000
000000000000
000000000000
000000000000
000000000000
000000000000
000000000000
000000000000
000000000000
000000000000
000000000000
000000000000
000000000000
000000000000
000000000000
000000000000
000000000000
000000000000
000000000000
000000000000
000000000000
000000000000
000000000000
000000000000
000000000000
000000000000
000000000000
000000000000
000000000000
000000000000
000000000000
000000000000
000000000000
000000000000
000000000000
000000000000
000000000000
000000000000
000000000000
000000000000
000000000000
000000000000
000000000000
000000000000
000000000000
000000000000
000000000000
000000000000
000000000000
000000000000
000000000000
000000000000
000000000000
000000000000
000000000000
000000000000
000000000000
000000000000
000000000000
000000000000
000000000000
000000000000
000000000000
000000000000
000000000000
000000000000
000000000000
000000000000
000000000000
000000000000
000000000000
000000000000
000000000000
000000000000
000000000000
000000000000
000000000000
000000000000
000000000000
000000000000
000000000000
000000000000
000000000000
000000000000
000000000000
000000000000
000000000000
000000000000
000000000000
000000000000
000000000000
000000000000
000000000000
000000000000
000000000000
000000000000
000000000000
000000000000
000000000000
000000000000
000000000000
000000000000
000000000000
000000000000
000000000000
000000000000
000000000000
000000000000
000000000000
000000000000
000000000000
000000000000
000000000000
000000000000
000000000000
000000000000
000000000000
000000000000
000000000000
000000000000
000000000000
000000000000
000000000000
000000000000
000000000000
000000000000
000000000000
000000000000
000000000000
000000000000
000000000000
000000000000
000000000000
000000000000
000000000000
000000000000
000000000000
000000000000
000000000000
000000000000
000000000000
000000000000
000000000000
000000000000
000000000000
000000000000
000000000000
000000000000
000000000000
000000000000
000000000000
000000000000
000000000000
000000000000
000000000000
000000000000
000000000000
000000000000
000000000000
000000000000
000000000000
000000000000
000000000000
000000000000
000000000000
000000000000
000000000000
000000000000
000000000000
000000000000
000000000000
000000000000
000000000000
000000000000
000000000000
000000000000
000000000000
000000000000
000000000000
000000000000
000000000000
000000000000
000000000000
000000000000
000000000000
000000000000
000000000000
000000000000
000000000000
000000000000
000000000000
000000000000
000000000000
000000000000
000000000000
000000000000
000000000000
000000000000
000000000000
000000000000
000000000000
000000000000
000000000000
000000000000
000000000000
000000000000
000000000000
000000000000
000000000000
000000000000
000000000000
000000000000
000000000000
000000000000
000000000000
000000000000
000000000000
000000000000
000000000000
000000000000
000000000000
000000000000
000000000000
000000000000
000000000000
000000000000
000000000000
000000000000
000000000000
000000000000
000000000000
000000000000
000000000000
000000000000
000000000000
000000000000
000000000000
000000000000
000000000000
000000000000
000000000000
000000000000
000000000000
000000000000
000000000000
000000000000
000000000000
000000000000
000000000000
000000000000
000000000000
000000000000
000000000000
000000000000
000000000000
000000000000
000000000000
000000000000
000000000000
000000000000
000000000000
000000000000
000000000000
000000000000
000000000000
000000000000
000000000000
000000000000
000000000000
000000000000
000000000000
000000000000
000000000000
000000000000
000000000000
000000000000
000000000000
000000000000
000000000000
000000000000
000000000000
000000000000
000000000000
000000000000
000000000000
000000000000
000000000000
000000000000
000000000000
000000000000
000000000000
000000000000
000000000000
000000000000
000000000000
000000000000
000000000000
000000000000
000000000000
000000000000
000000000000
000000000000
000000000000
000000000000
000000000000
000000000000
000000000000
000000000000
000000000000
000000000000
000000000000
000000000000
000000000000
000000000000
000000000000
000000000000
000000000000
000000000000
000000000000
000000000000
000000000000
000000000000
000000000000
000000000000
000000000000
000000000000
000000000000
000000000000
000000000000
000000000000
000000000000
000000000000
000000000000
000000000000
000000000000
000000000000
000000000000
000000000000
000000000000
000000000000
000000000000
000000000000
000000000000
000000000000
000000000000
000000000000
000000000000
000000000000
000000000000
000000000000
000000000000
000000000000
000000000000
000000000000
000000000000
000000000000
000000000000
000000000000
000000000000
000000000000
000000000000
000000000000
000000000000
000000000000
000000000000
000000000000
000000000000
000000000000
000000000000
000000000000
000000000000
000000000000
000000000000
000000000000
000000000000
000000000000
000000000000
000000000000
000000000000
000000000000
000000000000
000000000000
000000000000
000000000000
000000000000
000000000000
000000000000
000000000000
000000000000
000000000000
000000000000
000000000000
000000000000
000000000000
000000000000
000000000000
000000000000
000000000000
000000000000
000000000000
000000000000
000000000000
000000000000
000000000000
000000000000
000000000000
000000000000
000000000000
000000000000
000000000000
000000000000
000000000000
000000000000
000000000000
000000000000
000000000000
000000000000
000000000000
000000000000
000000000000
000000000000
000000000000
000000000000
000000000000
000000000000
000000000000
000000000000
000000000000
000000000000
000000000000
000000000000
000000000000
000000000000
000000000000
000000000000
000000000000
000000000000
000000000000
000000000000
000000000000
000000000000
000000000000
000000000000
000000000000
000000000000
000000000000
000000000000
000000000000
000000000000
000000000000
000000000000
000000000000
000000000000
000000000000
000000000000
000000000000
000000000000
000000000000
000000000000
000000000000
000000000000
000000000000
000000000000
000000000000
000000000000
000000000000
000000000000
000000000000
000000000000
000000000000
000000000000
000000000000
000000000000
000000000000
000000000000
000000000000
000000000000
000000000000
000000000000
000000000000
000000000000
000000000000
000000000000
000000000000
000000000000
000000000000
000000000000
000000000000
000000000000
000000000000
000000000000
000000000000
000000000000
000000000000
000000000000
000000000000
000000000000
000000000000
000000000000
000000000000
000000000000
000000000000
000000000000
000000000000
000000000000
000000000000
000000000000
000000000000
000000000000
000000000000
000000000000
000000000000
000000000000
000000000000
000000000000
000000000000
000000000000
000000000000
000000000000
000000000000
000000000000
000000000000
000000000000
000000000000
000000000000
000000000000
000000000000
000000000000
000000000000
000000000000
000000000000
000000000000
000000000000
000000000000
000000000000
000000000000
000000000000
000000000000
000000000000
000000000000
000000000000
000000000000
000000000000
000000000000
000000000000
000000000000
000000000000
000000000000
000000000000
000000000000
000000000000
000000000000
000000000000
000000000000
000000000000
000000000000
000000000000
000000000000
000000000000
000000000000
000000000000
000000000000
000000000000
000000000000
000000000000
000000000000
000000000000
000000000000
000000000000
000000000000
000000000000
000000000000
000000000000
000000000000
000000000000
000000000000
000000000000
000000000000
000000000000
000000000000
000000000000
000000000000
000000000000
000000000000
000000000000
000000000000
000000000000
000000000000
000000000000
000000000000
000000000000
000000000000
000000000000
000000000000
000000000000
000000000000
000000000000
000000000000
000000000000
000000000000
000000000000
000000000000
000000000000
000000000000
000000000000
000000000000
000000000000
000000000000
000000000000
000000000000
000000000000
000000000000
000000000000
000000000000
000000000000
000000000000
000000000000
000000000000
000000000000
000000000000
000000000000
000000000000
000000000000
000000000000
000000000000
000000000000
000000000000
000000000000
000000000000
000000000000
000000000000
000000000000
000000000000
000000000000
000000000000
000000000000
000000000000
000000000000
000000000000
000000000000
000000000000
000000000000
000000000000
000000000000
000000000000
000000000000
000000000000
000000000000
000000000000
000000000000
000000000000
000000000000
000000000000
000000000000
000000000000
000000000000
000000000000
000000000000
000000000000
000000000000
000000000000
000000000000
000000000000
000000000000
000000000000
000000000000
000000000000
000000000000
000000000000
000000000000
000000000000
000000000000
000000000000
000000000000
000000000000
000000000000
000000000000
000000000000
000000000000
000000000000
000000000000
000000000000
000000000000
000000000000
000000000000
000000000000
000000000000
000000000000
000000000000
000000000000
000000000000
000000000000
000000000000
000000000000
000000000000
000000000000
000000000000
000000000000
000000000000
000000000000
000000000000
000000000000
000000000000
000000000000
000000000000
000000000000
000000000000
000000000000
000000000000
000000000000
000000000000
000000000000
000000000000
000000000000
000000000000
000000000000
000000000000
000000000000
000000000000
000000000000
000000000000
000000000000
000000000000
000000000000
000000000000
000000000000
000000000000
000000000000
000000000000
000000000000
000000000000
000000000000
000000000000
000000000000
000000000000
000000000000
000000000000
000000000000
000000000000
000000000000
000000000000
000000000000
000000000000
000000000000
000000000000
000000000000
000000000000
000000000000
000000000000
000000000000
000000000000
000000000000
000000000000
000000000000
000000000000
000000000000
000000000000
000000000000
000000000000
000000000000
000000000000
000000000000
000000000000
000000000000
000000000000
000000000000
000000000000
000000000000
000000000000
000000000000
000000000000
000000000000
000000000000
000000000000
000000000000
000000000000
000000000000
000000000000
000000000000
000000000000
000000000000
000000000000
000000000000
000000000000
000000000000
000000000000
000000000000
000000000000
000000000000
000000000000
000000000000
000000000000
000000000000
000000000000
000000000000
000000000000
000000000000
000000000000
000000000000
000000000000
000000000000
000000000000
000000000000
000000000000
000000000000
000000000000
000000000000
000000000000
000000000000
000000000000
000000000000
000000000000
000000000000
000000000000
000000000000
000000000000
000000000000
000000000000
000000000000
000000000000
000000000000
000000000000
000000000000
000000000000
000000000000
000000000000
000000000000
000000000000
000000000000
000000000000
000000000000
000000000000
000000000000
000000000000
000000000000
000000000000
000000000000
000000000000
000000000000
000000000000
000000000000
000000000000
000000000000
000000000000
000000000000
000000000000
000000000000
000000000000
000000000000
000000000000
000000000000
000000000000
000000000000
000000000000
000000000000
000000000000
000000000000
000000000000
000000000000
000000000000
000000000000
000000000000
000000000000
000000000000
000000000000
000000000000
000000000000
000000000000
000000000000
000000000000
000000000000
000000000000
000000000000
000000000000
000000000000
000000000000
000000000000
000000000000
000000000000
000000000000
000000000000
000000000000
000000000000
000000000000
000000000000
000000000000
000000000000
000000000000
000000000000
000000000000
000000000000
000000000000
000000000000
000000000000
000000000000
000000000000
000000000000
000000000000
000000000000
000000000000
000000000000
000000000000
000000000000
000000000000
000000000000
000000000000
000000000000
000000000000
000000000000
000000000000
000000000000
000000000000
000000000000
000000000000
000000000000
000000000000
000000000000
000000000000
000000000000
000000000000
000000000000
000000000000
000000000000
000000000000
000000000000
000000000000
000000000000
000000000000
000000000000
000000000000
000000000000
000000000000
000000000000
000000000000
000000000000
000000000000
000000000000
000000000000
000000000000
000000000000
000000000000
000000000000
000000000000
000000000000
000000000000
000000000000
000000000000
000000000000
000000000000
000000000000
000000000000
000000000000
000000000000
000000000000
000000000000
000000000000
000000000000
000000000000
000000000000
000000000000
000000000000
000000000000
000000000000
000000000000
000000000000
000000000000
000000000000
000000000000
000000000000
000000000000
000000000000
000000000000
000000000000
000000000000
000000000000
000000000000
000000000000
000000000000
000000000000
000000000000
000000000000
000000000000
000000000000
000000000000
000000000000
000000000000
000000000000
000000000000
000000000000
000000000000
000000000000
000000000000
000000000000
000000000000
000000000000
000000000000
000000000000
000000000000
000000000000
000000000000
000000000000
000000000000
000000000000
000000000000
000000000000
000000000000
000000000000
000000000000
000000000000
000000000000
000000000000
000000000000
000000000000
000000000000
000000000000
000000000000
000000000000
000000000000
000000000000
000000000000
000000000000
000000000000
000000000000
000000000000
000000000000
000000000000
000000000000
000000000000
000000000000
000000000000
000000000000
000000000000
000000000000
000000000000
000000000000
000000000000
000000000000
000000000000
000000000000
000000000000
000000000000
000000000000
000000000000
000000000000
000000000000
000000000000
000000000000
000000000000
000000000000
000000000000
000000000000
000000000000
000000000000
000000000000
000000000000
000000000000
000000000000
000000000000
000000000000
000000000000
000000000000
000000000000
000000000000
000000000000
000000000000
000000000000
000000000000
000000000000
000000000000
000000000000
000000000000
000000000000
000000000000
000000000000
000000000000
000000000000
000000000000
000000000000
000000000000
000000000000
000000000000
000000000000
000000000000
000000000000
000000000000
000000000000
000000000000
000000000000
000000000000
000000000000
000000000000
000000000000
000000000000
000000000000
000000000000
000000000000
000000000000
000000000000
000000000000
000000000000
000000000000
000000000000
000000000000
000000000000
000000000000
000000000000
000000000000
000000000000
000000000000
000000000000
000000000000
000000000000
000000000000
000000000000
000000000000
000000000000
000000000000
000000000000
000000000000
000000000000
000000000000
