000000011101
111000110000
110001000010
101110011101
101110110100
110100010110
111101000011
000110100010
001100001110
010010001111
010010011111
001101010001
000100111010
111100001111
110100101111
101110101111
110010000100
110110001101
110101100101
000001010011
000111110000
001101011111
011000011010
010011100010
001000100110
000101000010
110011000111
101010100010
101010110100
101001101110
110101101111
000010001101
000100001101
001101101100
010100001110
001100100100
000111011001
000100010110
111111101011
110000001110
110010101000
101010000011
110101110011
111011111111
000001001001
000100101000
001101110111
010101101101
001100110011
000111110001
111100010001
111001111001
101110100001
101010010011
101110101101
110100110011
111101000000
001001110000
001011110011
001101000011
010110100111
010011101001
000100101111
110111011010
110011001011
101010101001
110010110111
101100011011
110011010111
000111011100
010000100101
001100000110
011001110110
010011001001
000011110010
111011100000
111100010111
101111010111
101110001011
110001000010
111011000100
111100101011
000110101000
001001001100
001100010010
001110100111
010001001101
001000010011
111000010010
110111001010
110011010111
110011011110
110011011011
111110000010
000111001101
001110011010
001111101010
010010000011
001101110011
001110010101
000011100000
111100110110
110110001101
110010101111
110011010101
110000000000
111110010100
000001011100
010001101011
001101010111
001011000111
001111101010
001000001010
110101100111
101101010101
101011000100
101000110110
110101111110
110110001000
000011100110
000111010010
001101110111
010001100111
001100001110
001100101101
000100101110
111100100111
101010100010
110010001010
110100111011
110000110111
111111100000
000001111100
001111100111
010100011001
001100110110
010001110101
001000000010
000000111011
111001110101
101111111100
110001010001
101101101100
111001011011
000110110100
001110110000
001110001111
001101001110
010011000101
001100001111
000101100000
111011000110
110000111101
110010001111
110101011100
110101101101
111011100001
001001001011
001000011010
001110111000
001011111011
001101001000
000111011000
110110100101
111000001011
101110000000
101001101010
101100011000
111001001101
111101101010
000111101000
010010100010
010001101101
010100101011
000100010101
000100010010
110001011101
101111110100
101011001000
110010000111
110001110101
111001001111
001100100010
010011001111
010110101010
010000000010
001000010001
001000110111
110110001110
101111001000
101111101011
101111000000
110011110000
000000100101
000111010110
001011111000
001010101101
001100001000
010011101010
000011010001
111010001100
110001111010
101110110100
101011010101
101001110001
110000000010
000011111111
001000000000
001111010001
010010110101
010111110010
010010111111
111111110011
111111000110
101100010101
101111011010
101111000001
101110010110
110101010011
000101001000
001001010100
010110000111
010111101110
001100110100
000010100010
111101110000
110111001010
101010011101
110100110100
101110001000
110111110111
000010010100
000100101011
001000111110
010110101000
010100001000
001000011000
000101000011
000000011010
110001010111
101011010110
100111001000
110000111111
110100000111
000000111001
001100010011
010100010000
010010100011
001001001001
000100110001
111000100010
110000001001
101101001000
101110111110
101010101000
110011101011
000010111000
000111110101
010101111000
001110101110
010000001000
010000100011
000001110001
110101110000
110111100110
101010111011
101001001101
110110111001
110100010101
111101110001
001000100110
001111011001
001110100011
010100111111
000101001100
000101111101
111100010011
101100100111
101111010011
101110011011
110011001100
111100110110
001111100100
010001001011
001111000110
001111010011
010010100000
000000111100
111110110011
111001011100
101011000010
110011011000
110101010000
110110110000
000000110010
001110110000
010001110001
010111001001
001010000010
000001000010
111101101000
111010001001
101011100010
101100011111
110000011110
110111100010
111111011010
000110110101
010100100001
001101001010
010110110110
001010110111
111110000110
111001000010
110000100101
101100100000
110011110100
101101010101
111011000110
000010101101
001101100001
010010110101
001111111101
001101001100
000111110110
111010010100
110011101100
101111111010
101010001001
101111100000
110001111100
000100001000
001101011111
001100101101
010111011010
010001010011
001111110110
000010010001
111110011111
110110110010
101001000010
110010000110
110001010011
000001000110
000010000101
000110101010
010100100011
001111110111
010010110000
000010100111
111011000101
110010001110
101001100011
110100000001
101100011000
111010001000
000001110110
001001011001
010101001110
001110111110
001110011110
001000110110
000000001000
111011110011
101101010101
110001110000
101011010110
110001001000
110111000010
000010011110
001011000101
001110000101
001101110010
001111111110
000111100111
111100110100
111011101001
110101110001
110011000111
101011011010
110111101010
111111010110
001011011100
010100001010
010101110000
001011000101
000110111000
111101011101
110011110101
110110101110
110001111001
110011001100
101111001111
111010110110
000111100101
000111000010
010111010011
010101001101
001010110000
001011011100
000000100011
110101001100
101010111110
101111000110
101110110101
111011001100
111011010110
000110101011
001111001111
001101010100
010010111110
001111001010
111110011011
111011010000
110001001100
101000000000
101010011111
110101100101
111000000011
001000111111
001101101110
010011100100
010011110011
001011010010
000110101011
111001100000
110111010011
110100011111
110011011110
110010010000
110011100011
111100001001
000111110101
001111101100
010111100001
001100101111
000101011011
111100000101
111001001011
110010001000
101001001001
101100101110
101111100011
111010000111
000010101001
000111100010
010000111100
001100101111
000111011100
000110011010
111100100111
111010000110
101001110111
110000101000
101011111100
110001100110
111100000110
001111110111
001001011100
010101111011
001101011011
001010011011
111101011010
110110000110
110110100000
110100101011
110011001101
101111100010
111110010111
000010101011
010010101000
010011101010
010110000110
010001010110
000110001110
111100110101
101101010011
110101011100
110001000111
110011111000
110100000011
000101111111
000110011110
010010101101
001110000010
010001100100
000011010010
111111011010
110011101000
101101001011
101101011010
110100000011
110001001001
110111011101
000001101001
001111100111
010010011100
010000100111
001100111110
000101110000
111100001101
110011111010
101110000010
101110010111
110001101011
110111110100
000001110011
001010000110
010000101101
010010100000
010000010110
001000110011
