010010010010
010001010000
001010101101
000010110111
111000011101
110001010010
101101110110
101110110100
110010110000
111100001101
000100100101
001100100110
010000101010
010010101101
001101001011
000111101001
000001000010
110101111110
110010111011
110101000100
110110001000
110010011010
000001011000
001100101111
001010000111
010011101110
010011111011
001001001011
000110110011
111010100111
101100100101
110000100100
101001101000
101100110111
111000010101
001000010101
001101111100
010110100101
010101100100
001111111010
000111000101
111001111010
111011010010
110010001001
101010111101
101100011100
111110010111
111011110001
001100001000
001001011110
010000100110
010100000010
000101011111
111100001010
110011010110
101011010010
110011010001
110010010111
110111100111
111001001001
000000110110
001100001011
010101010110
010100000101
010011100111
000100010101
111111000011
110010100010
101111010000
101110001011
110100010000
111100110001
000100001011
001100001000
001011011010
010010000010
010000010101
001111010011
111100100001
110001011010
110011000111
110010111001
110100101110
110101001110
111110011101
000000101010
010001111000
010110000100
010101111111
001000001111
000111000100
111011111100
111010001001
101100010000
101010000000
101100001001
111110011010
000110010111
000011111011
001101011010
010110000111
010000011011
001010111010
111111010101
111011100010
101111000000
101000001100
110000001000
111000011010
111010110010
000111011000
001010001010
001011110000
010010001110
001111100011
000001001111
111101011101
110010010010
110010101100
101001000111
101101110000
111011111000
111011100010
000110000101
010001011111
001111011111
010001110001
001010101110
000101001100
111000001000
101100000101
101001000001
110010000110
101111110011
000000110010
000011110010
001011111111
010100011000
001110000011
001111110111
001011101101
111101101000
110100111001
110101100011
101011100010
110000110011
111011100100
000100000001
001101110011
001101001111
010001110010
001100110000
001111011101
000011011011
110011100101
101011011110
110011010010
110100101100
110100011110
000001100100
001001001000
001000100001
010100010010
010100010101
001010110110
001011001100
110111011111
110110100111
110100100000
101011100010
110110010110
111110101011
111100101010
001100000110
001100010101
001111010111
010001000110
001111110111
000110001011
110010000000
110100110001
110000111111
101110101001
110101010011
111110101000
001011000100
001010101001
010111000101
001101011011
000110011111
001000010110
110101011010
111001010001
110000010010
101111101101
101100100000
110110000101
111111111010
001011010000
001101001100
001111011000
001101010001
001111010000
000110010001
110110001111
101110100110
101110010001
101000100110
101110011000
110110001010
000110000001
001100101100
010101000001
010001100101
010010000011
001010001001
111101000110
110101110101
101010010100
110101110000
110010010111
000000001101
000000100011
010001100100
010000101100
011001100101
010110101000
000110100011
111011100010
110001001110
101100100111
110101011000
101001101010
110100100111
000110000101
001011101100
000110111100
011000110010
010011100000
001111010110
001001000100
110100111010
110010011010
110000011010
110110010010
110000110011
111100111001
000100101001
010010100011
010100001100
010111111110
000111010010
000101101010
111101110001
111010100111
110111111100
101111100110
110010011000
110000000011
111100011101
000001111101
001010011100
001110111110
010001011101
001101110110
111100001010
111111001111
110111101101
110001111111
101101010110
101101000010
111101111010
111101101101
001010100110
010100001101
001111000101
010000001100
001001100101
000011010111
110010000001
110000110000
101010110001
101100001111
101111110111
111011110011
000011011000
001111001110
010111111101
010110101110
001100111100
000010010111
000000111111
111001000100
101100101101
101010101111
110111011011
111111011011
000110001001
001000010100
010011110100
001010001101
010011000000
000101011011
111011110001
110010010111
110110101101
110010100101
110100100110
110001111100
000001011101
000110101010
001010001110
010010001100
010110010001
000111011011
001011000011
111100010011
110111000011
101111010001
110001010110
110001100100
111011100110
111111011110
001010000111
001110111001
010001101111
001101100111
001101100101
111011111110
111010110100
101011110110
101110101101
110000110101
111010111101
000001010011
000010111011
010000011100
011000010001
010000000111
001010111001
000110000001
111111101010
101110100100
110001111100
110010000010
101111101001
111011100011
111101100010
001011011001
010100100010
001110101100
010011101000
000100101000
111101101001
110110111101
110100111110
101001111101
101011000001
110111100001
000001100101
000011010100
010010110000
001010110001
010000001100
010000111111
111111001010
111010011100
101011011001
110010101100
101001101110
101111101011
111000000001
000001101000
001111100010
001101011100
001110100001
001100101101
001000100010
111011111111
110001111101
101100100000
101010000101
101010001000
110100001100
000010010011
001000001000
010010110011
010001001001
010011111100
001100100110
111111010111
111100000110
110100000101
110001011001
110010110111
110000110110
111001110000
111110010111
000110001100
010010010000
010111001100
010011101001
001011000010
000010111110
111010011110
110011111101
101101001001
101100100101
110000111011
111101011001
001101010011
001110111110
010111110001
010100011101
001110100010
111110110100
111100101101
101010101110
110010001000
101101000110
101110100111
110100111000
000111111010
001001001010
010110110110
010101111110
010011000100
000101000100
111110010110
101111101111
101011111110
110000001110
101010101100
111011100110
000000011111
001101010111
010010010011
010011100100
010101111011
010000100111
000000111001
111101111011
101110100111
110001111001
101000001111
110111001010
110101010000
000100110000
001100110010
010111010101
011000000011
001111010010
000100111101
111000001101
110010111101
101101100001
101100010010
110001100000
110101010100
111011110001
001100011010
001011110101
001111101001
010100110110
001100111001
000010001000
111001000001
110011110101
110001110111
101010011101
101110110011
111111011000
001000011001
001101011010
001101010100
010111011000
001111111011
000101001001
111000101101
110001111010
101101011100
101111100011
110011001111
111010101110
111101011100
000010000000
010000100101
001100101010
001011101100
001000111000
111011000001
110111111000
110101111101
101100110101
101111001000
110111110010
111011011111
000100100011
001101010101
010001000011
010001100100
001101111010
000110011001
111110010010
110101111011
101111001010
101101010110
110000110110
110111101111
111111111010
000111111000
010000001111
