000011001000
110101110110
000000100111
111100010101
111001111010
101000111111
101111110101
000011101010
001001101010
111110101111
001001000100
111100101000
111000001001
111000011110
101001101100
011111001000
010000011111
110110100000
110000111011
101111000010
000111010011
001010100101
010001011000
111001001010
000011010001
010000111100
011000100101
100001111010
110001011110
111011101000
101011111101
010101011101
001110001011
000000011011
110110010111
000001100010
001011011110
110110001101
111100010110
010000100100
111110010111
001001100100
110001111010
000101011101
100000000000
111111011101
111111001011
000101110110
001000010110
100000010101
001001110001
010101111010
110000101110
000111001011
011111111111
011100010111
100001110000
110001001011
010110110110
110010100100
100011011100
001000010101
111110001111
011111111111
110101111011
100001001000
000010110101
100000101101
011101010101
010001101000
010000110110
100000000000
000011101001
000011111010
110110111001
111010111001
000001100011
011100110000
011011000000
110100110011
001010001110
100001111110
111101110001
000000100000
110001000011
110100111100
000011001001
001111001011
111000001100
110111011011
000100101110
111111010111
000111110010
000111011010
011011010110
111111001010
000111100001
101110000111
000001011100
111000100111
110011100101
000010010000
110101010000
000011111101
010100111010
110100101000
101010001001
000000011100
111001110010
001000110000
010101010101
000111101110
101111011100
110001100010
000001000111
000101001001
010101100111
000001101101
000101111101
110001110101
000100111110
111110101010
111001000001
000100101011
000110001100
111000010111
110100100000
011000111001
001010010100
111101101010
110001000110
010011110010
100000010100
001001111100
110100000101
111110010100
000111100101
100111001111
000111110111
111100101011
011100010110
011101100101
110111001011
110010001100
110000001110
101101101110
110101001010
110010000000
100000011001
110101111000
010001011000
011111000001
000110110100
011111111111
000001100001
110010000111
101100000101
101101110000
111011100001
101001110001
000101111101
011111110001
000100010110
101001010110
000000001011
001000110010
101101010111
001100000010
010001010111
001010010101
110110001111
001011100011
111010001011
000000010100
100001100110
101101110101
111000011101
111010000110
010000111000
111000101000
010010010000
011001101010
110001010010
010100000010
101111101100
110010001001
011111111111
000001011011
011000011000
101011110101
010111011100
110001101101
101000001001
111011100000
110110000101
001001001010
100110000010
000001100111
110011100001
001000111011
000001111110
000001110011
000100001110
010010100101
111100100110
111100100000
001001111011
100000000000
010100110000
000100100000
111100111110
110100011101
010100010101
101011010010
001000001011
000000101001
111000001011
000100001010
111110111101
011011001001
101110000000
000001010101
011000011110
111000010000
111101110110
111111001010
110001010110
111000111100
000111000010
001100000110
110110101001
011110011000
100111011000
101000010011
111001001101
111010101110
111011101110
001111001100
111110111111
010000010101
101100010000
110011101111
000001101110
001101111000
000100001001
000011101111
001001000001
010100011011
100011001100
111110010111
001001111110
011111010011
001001110111
100101000110
100010001111
000110010100
111101011011
000000100101
111110011101
110011101100
000111000110
110111000100
001000011111
111000000100
110001100101
000111100011
110001111111
001110110100
111011111111
001000101101
000100110010
001011011001
111100100111
110010000110
000100100001
101010011110
010000001110
011111111111
110110100001
111101111011
101110100010
110111011001
000101000100
010011010111
001011110101
001100111110
000000010011
010100100001
110111110011
100110100100
101000001101
111001111110
110100100000
100001010000
001001101011
111100000010
111001110000
000001110110
011111111111
111111011001
111000000010
000100010001
010000001010
111011011100
001110100100
001011000100
001001001111
111000100110
111110111100
111111000010
000111011001
100000111101
111011110111
111110011010
100000001011
010000001101
110110110110
000001000101
011110110011
011011110101
000000101110
110100100100
111011111111
001110100010
011000000001
010010011001
101010001111
000001000111
100110101101
101000100010
010001010000
111110000101
000010100000
101100111101
111110111100
101011000100
101010011000
000001001110
000001011111
011110110111
001101010000
001100000111
000001111001
010100001001
000010100111
011010110110
100001011011
111101001001
001000101111
000110010101
000000100100
101111111101
100110101110
001010011001
111000001010
100101111100
010100110110
111001011000
001011111000
101001111110
010111100010
000010101001
110111101101
110111110010
000110110001
111110100000
101111110001
000000000100
011110010010
000101111110
111001001100
000011111000
000001000011
100100010110
011111111111
101011001111
001110001101
000000011011
000001000011
111100100111
000011010111
110100011111
001010011101
111000100110
110010001100
001111010010
110011101010
111001001011
001000100011
001010011010
010010110001
111000101100
111100011011
100110000111
110110011110
000111011001
111110111011
000011000001
110110010011
111110001110
010110010101
110010001111
101000111100
001000110111
001101110111
010101110011
111101010111
011110000111
111110010001
011010010001
101110110100
100111101100
111100001000
010011110001
110110101111
101110110100
101110011110
001011100000
111100001111
110111011111
111001110100
111101001111
000000001010
111011111101
001100010101
110110111011
110011000001
000111001101
111110011001
001100010110
010000111110
001100001101
001110110100
010001001111
110101101010
000011000000
001101110000
100111000001
101100001001
111101001110
100111000010
000100111010
000101010111
111100110100
110111101110
111101011011
010101101010
001000100111
110100111000
110110010011
010011011010
111110111110
010001011111
101001110111
000011010111
000000110110
010110011011
111110111010
110010111000
000110010010
110010100001
111010000101
111101110010
000001010000
110100001100
110110111010
101100111100
000111011011
010011011100
101011000111
001000111010
011111111111
101111100111
001010011110
001100001000
000110001001
001101101100
110001011111
110010011000
111000011000
111111011001
010101011110
100000000000
001100100111
101101010000
100111100000
001101011111
001010110001
001000110111
000110001101
110011001100
000000111010
111101110101
000111001010
111001010101
110000000011
010011100110
001110101100
010000011010
011100001000
100001110101
111011000000
000011111100
100110000010
110010100110
001111101000
000011010111
001011110000
010101110101
010010110100
101010011000
100110010110
000111011111
111100100101
111011011010
000101101110
101101001111
001101001011
001001010111
110110111001
101111001010
100110001011
010100100010
001001100001
111001001101
010110011001
100000000000
010100010101
000110001111
111001000000
001111010100
011111000100
110100101111
110010110101
001101100110
011001111101
100010100111
111010110011
111000000010
000100000000
001001011111
100000000000
001100010010
111100000110
100011010010
010011000010
001000101001
111010101001
110100100101
000110001111
010001100110
011110010111
000010011101
111011111110
100000100110
111111010110
111101000111
111100100111
011000100011
000011000100
110111000001
010100001101
111101110011
101000111110
111101111001
000000010001
011110011010
111110011111
111100001001
110010100010
101100011111
110000001101
001110101111
010001011011
000100000000
111001001110
110110000110
110110111000
101011100110
101001000000
010011100110
010101001000
010101100010
001111110110
001000011011
000111100111
111100111011
111110101001
111011100110
101010011100
100100011110
001111110110
011000101111
111100000100
011110111001
001100001110
111110010100
010000101110
100111110001
110011101111
000011110000
110100111010
101110100100
000101010011
111011001111
001110011111
100111101000
110101111001
011000101011
000100011101
101111000011
011100001011
010101001101
110001111010
010001001101
111001010001
111111001110
111001111110
111110011110
111011000000
010010101101
111011100111
111011011010
111001011100
101000111010
111010000111
000010000000
110110011111
000000001000
010101000100
111100111000
010101101011
101000100000
101110001110
001010011010
010001001011
101100001111
001111010110
001100101111
111101001101
001110111010
001010010110
001010010000
001011111011
110011110110
100000000000
101001111111
000010101100
000100110000
100111100111
001000000000
111100101101
011100100111
011101001100
110111011001
110010010000
110000001101
101101111101
110101011011
110010001100
100000000101
110101011111
010001101100
011110110101
000110111110
011111111111
000001011011
110001101111
101100001011
101101100110
111011110010
101001100100
000110000101
011111101011
000100100011
101000111001
000000011011
001000011001
101101111000
001011111111
010001101100
001111010111
111110010101
100000000000
011011000001
001000111111
011101100101
110101001000
001001111000
110010001101
000111001101
101101110001
111101110110
111100011000
000101000001
101101011010
011100100101
110111110010
100100101000
110110111000
011100110011
111001001111
011000001010
110000101001
011100100010
000100001100
111010110111
100111101101
111000101100
010110101101
000101011000
001101110011
110110110100
101111001101
100000011100
011111001100
010111101001
100000000000
001100000111
101100100100
111111101001
101101110111
111001111101
001000101101
010111001000
101101001000
001101010010
011011010000
010010100111
001010010100
111011001011
001001110001
110011101100
001101111000
100101111110
101010110001
111000010000
000010010110
111100110011
110100010110
001010101000
000010001000
110011001101
011101110011
111111100010
110110001000
010010011000
111001100001
111111110000
111101101100
110101110111
000100000011
111011111111
101100110001
001000110010
110101011000
101100010001
011110000010
011010010000
000101000101
101100001100
001100101001
000010010011
111100000101
111000000000
001101011000
000010010011
001101101101
110101111001
100000000000
000010111101
001100100000
110011010001
111011011001
111111011111
000100100000
101111010001
101101100010
010011011001
011000110000
000101000001
111111100111
111100011000
000111000011
111101010010
000000000100
111101110101
000110111111
000001011011
111001000010
000100111001
110011010001
101010100011
011111010101
001000010011
100001000110
001010111001
010001110000
001110001001
110111000100
110110011100
111011110111
110011110001
001100000001
000100101011
111111111101
010111000100
110010110000
101011000001
011100110111
101101000111
110000011101
000111101100
100111000001
001010010110
001000010110
011100010110
111011011110
110010111111
011010100011
111011111001
110111110110
111010110101
111000110100
100001101001
001111111010
010011111000
110110000010
111001110111
001110000001
111100101110
001001001100
111110011001
000100100000
110101010101
000110101111
111010101100
010001111010
111001101111
110000100010
111100001010
110110001001
010001100111
001010010001
010000000001
100110110110
000001100111
101000100101
100000100111
011000111101
001111101001
100111000110
001110000001
000110000000
001011100101
010011101000
010001101010
111011111100
011111111101
110001000101
000010000001
110110001100
111010011110
100001110010
111000011010
110101101011
100110001000
100000000000
011010011010
000101111100
001110011001
101111001001
000011111110
010111111100
001010110010
000011010111
010010100110
000011011010
011100101110
100100011000
101100011001
101000100000
001010010111
111010001001
110011001101
010011111000
011101111101
100000110100
010100101000
010101010011
100100000010
110000101000
001001001110
110001111101
010100000100
001010010000
110101001011
000100000011
000001010100
110111011000
001000010010
000011000010
110100000100
111110111001
111011011100
110111111111
111100001011
010111111100
000000001111
000100011100
101011111110
110101010110
011111110101
000100110111
000011001011
001100010011
010101000100
100001010001
100000000000
011001001110
101001100111
101000101001
000010000011
110001100110
011111111111
000100000100
011111000011
101111000010
111101011001
100011000100
001010101010
111010110101
000000110100
000000011001
100011101011
000001100111
011101001000
001100010001
111110111111
001001001010
100000000000
111010110101
001111010010
011111101010
110100100110
000110100011
101001100100
010100110101
000100100010
100111011001
110010100110
110000110111
101111000100
010010110010
001101010010
111100100010
011101101111
000100000010
110100000101
001101101101
101111110011
000101000111
001011010110
110001011101
011110011110
001101000110
100110000010
110110100000
111111010101
001010110011
100010001010
110001011010
000111000011
111010000110
111010001000
101001011010
001100000010
000100011100
111100000001
010001111010
010001110010
000010101101
011010100111
001001010000
111000001000
111001101011
101111001010
110110011101
001101100111
001000011011
000110101100
111110000111
110101001011
001110110011
110001000101
100010011101
000110010001
111100110011
111100101111
000100101101
111011011011
100011100010
011001010110
000101011001
111111000100
010110000110
110010111010
110001100100
110100011100
001111100111
001010011011
011000010010
110011000011
000101001101
111110000000
000101000100
001100101001
010000110111
000111110000
000000111000
111101100011
101111000000
101111010000
100100000110
110001101011
100111011111
010011011100
111110000100
100111100010
011110011110
110110100010
001111100111
000111001110
110100100011
010101100000
010001000001
000100001011
111110000111
000101000101
000111000110
000000101100
100000011010
001110000000
110001100001
001110110001
111110101110
010001011001
001101100110
101100000011
000100110101
110111110011
101100000001
011110011011
000010101001
100000000000
110101110010
100000000000
111100010011
000000101111
110111011100
011011001000
011100010101
110000001011
010011000010
000001011010
010000110111
111100010011
011011110000
000000101000
110100100110
111000011110
000100100010
000110110110
100010100000
100010101110
001011111110
011011100110
001010101001
111010011001
110011110011
000000000101
110010000011
111000101110
000001111001
110101000111
010001101000
001100010011
111111110100
000101110111
101011000101
110110111101
010110111100
000000010110
010000110001
111110111100
000111001100
001110110011
001000101000
101111100111
111011101110
110111010111
101110100001
110110110101
000110111111
111100000111
001001011000
100001000100
011011011001
011010011100
100101010000
110010110010
000000100011
010000101101
010111101110
110110100011
111111010100
110001000100
001100001011
100011100100
111110001110
011101110011
111011001101
000000000011
111010010101
010101011011
001010111011
110010000000
110100100010
110110011100
110010001011
000101000110
111110100001
001000111001
110100000000
011111111111
111001101000
001111110010
000111100000
101000011110
110100101110
010101101111
100000010010
100000000000
011111111111
111011010010
010010010000
111101111000
010011100011
100010100000
000000110111
111110100101
001101011011
111010011000
000001101110
010001010001
111110011010
011100010000
101110110100
111001110100
000010101011
110110001000
111111111000
111000011100
101000111010
011100011010
000101001100
110001111100
111110000001
111001001011
111101110011
001001100111
111010100011
000001011010
111100000010
000000011011
111101000010
000011101111
000110010110
010000011010
110110000011
111110000100
000100100010
000111110101
000010000111
000101110100
111111111111
000011100011
101010110011
010111000001
111111000110
000010110001
110001010000
100010111010
001111100010
111110001010
100000000000
011011000010
001000111000
011101010011
110101000110
001001110010
110001111010
000111001011
101101110111
111101110001
111100100100
000101000111
101101101000
011100110001
110111110100
100101001010
110110110100
011100100111
111000110010
011000001111
110000110000
011100011111
000100001111
111010110001
100111100100
111000100100
010110111010
000101010110
001101110101
110110110001
000110001110
111010100001
100000000000
010111010100
100011111110
000110111000
110100110000
100001110000
101111101011
001011011111
001001011011
010010011101
000111000101
011110110001
110000110011
111011111010
110010011101
011111111111
010101010101
111101010001
000111001101
100011111010
110101111110
010101000110
111010001110
000111101100
101001010101
000110001100
000010110010
001110111111
111100010110
000010111100
101100101101
111011010101
110000001111
111101101110
000111110000
000110001011
000100000011
000100100101
101110100100
111000110000
010101000100
001011111100
111010010110
010101000000
001101101111
010110111001
110011111010
100010100100
110110001111
110101110010
111110100110
110110110101
001111101010
101110011111
000010100111
001100010111
001100111011
100010011111
001010011010
011100110101
110110010100
000011011011
111111110111
000001101010
000101100011
111110110100
010111110101
100000000000
110011011010
010100100000
000001111000
110100010110
110000011011
000000110011
111000000011
110110100011
010000111001
100000000000
110100111001
011111010100
001111100011
111110100101
010110111100
111001010001
011111001000
111000100001
111101100010
000011110001
000101011111
111010110101
000001100101
111001110011
111100110110
101010001000
100100101100
001000100100
110111001010
000010110110
001110100101
001010001011
000010101110
100100001010
111000101110
001001111001
000001100001
111100110000
111111101000
000010100100
001110111111
110110111111
011111111111
000001010110
101111011101
001101001001
011111111111
101101100000
001000111101
100100010101
110001010011
111011000000
001111100100
100110010100
001001101010
111011000010
110111111010
111100101011
001011110011
000110110010
111111100001
111110101100
011010101110
110000101100
101111000011
011000100101
100000011111
110100101110
010100111101
000011100000
011000001010
101111100111
111011010100
000111101000
101011001111
001011101110
000100011100
110111010001
010010011110
000111110101
000010001100
000000010011
000110000101
111010100010
100011001111
010000100110
001011110101
010100000110
110000101000
100000000000
100001100001
010011110100
001100110100
111011111000
111101001011
010111000100
100010101111
010111001100
111001011101
111101110011
001001010111
010100010101
001111101111
001001111000
101000001011
000000000001
000011110001
100111010101
000010101110
101110111011
111100111100
001011111100
010100001110
110111001100
001101110101
110011000101
010001101110
011011010000
101001110001
011000011101
100000000000
100011111111
111001100100
101111011010
111111001001
010110001111
000101111111
101011000101
111011100110
011100110110
011110101101
011010010111
111001010110
100101101001
001010010111
111110010111
000001001000
110110011101
111101010011
000101101001
000111111110
101000010011
110010011001
001101011111
001011011100
110101010100
110011111110
111000011110
110100111011
111111011100
010010000010
111111100011
011010100000
000000011101
110110010011
011010110101
101111001011
100011100001
100111100101
011101100100
000101001011
001110001111
111010110111
000100111010
000100011110
010000011100
111010010101
000001011000
111000110101
100000000000
000011011111
000101100101
110001010011
001001011101
001000110001
110000010011
011000110100
101110111011
000101111000
000000100101
110011110100
000011101011
011101010111
000011110001
110101111000
000010100100
010001100000
000001001011
110110010111
110000111010
100000000000
000110010000
110011110010
110011101110
111011011101
010011101000
010011000100
000000011000
011111111111
110101110000
010110000111
110101011100
111010011100
010000001000
101101100011
110010111100
100010010110
111011011000
110100000011
001101010111
011001110110
000110100011
101000011100
010000010110
000100010001
110110100100
010001100011
001000101000
110001010101
000100011001
011101101001
100111010100
110011101010
000000111101
111111011110
000110111010
110000000110
111111101100
110110001001
000011100111
101101110111
000110010101
000101010000
011111111111
001001011011
100011000011
111111100100
000001100100
010000000110
111110111110
110110101000
001010001010
111110101010
100101100010
000110000001
111010010010
001011111011
000000100110
011111111111
101111011000
111100011101
111011001101
101101001100
110110111011
111001011000
111001001101
001111001011
010011010001
000010010101
011101101110
110111000000
010000001100
000110100000
100010001101
101011101111
100011001100
001001010001
011011111111
000100000110
111111010001
101101100000
111100100100
111011101100
010000111001
010101100110
111100101000
111000000001
010010000011
111000011110
011011101000
110111110100
101111011110
111010000110
101001110110
010111101101
000000000110
101110111101
000001001011
000100000100
110000000001
111111110000
111011001111
001111111000
010010111100
000111111010
000101010000
101010111011
110101000000
000100010100
100010111011
001100001010
110101001110
011111111111
110011001100
111100101100
011000001011
011001110110
110010001100
100010111010
000011010111
010011011000
110010001001
001000000001
111101100010
100100100100
000001110001
001111100001
111101010011
010000001011
011010011001
111011100001
101001000101
100110100011
110001001011
111000000110
010000001000
000100100011
001100011010
111101111001
101111100100
100110111010
110110101011
010001000010
011110110111
001010111110
001011001111
111110010100
000010110100
110001010010
111011101111
001010101000
001010010010
000110110100
001011011011
111100000100
100000000000
001011111111
101100000000
111001110101
100000000000
011000011111
110011010111
011111110100
110010001110
001100110000
000111100000
111011111100
110010001110
001000100010
111111100010
001001100010
001111000100
000001100001
001000110000
101111000110
111110110111
110010001011
001111010110
111101110101
010111001000
101010000111
000001010000
111111110111
111011101100
111110011111
000100000110
101100100101
000011001111
000100100011
000010000101
010011110011
101010101000
000011011100
101010101010
010111001111
010111101010
101010000001
101000110000
000100110100
110111001101
111100111001
010001100010
001111110110
001011011100
110011010000
000100100000
111010100101
011000100101
111110100111
101100110001
001001101001
101011000101
010010000110
111110010100
110110010010
000100001010
110100110010
000111000100
111110111101
100001100101
011100010000
001101010111
100000000000
010010001000
111110000000
101110011011
011101011101
000011001011
001000111101
111010100101
001001111011
001010111000
100101101110
110011101111
011110001101
101111101111
001100010110
110110000100
111010000101
111110011111
000100011011
110110001110
101101010000
001100000001
101001100101
111101010101
001100010100
011111111111
001101111100
000010001001
011100000010
111001101000
000110011110
111010000001
100000000000
010111011110
100011110010
000111010011
110100111010
100001111101
101111011101
001011100011
001001100110
010010010100
000111001110
011110100111
110000111010
111011011010
110010001111
011111111111
010101010001
111101000110
000111101100
100100010101
110101110100
010100111010
111010001110
000111011000
101001010111
000110011000
000010111001
001110111100
111100100100
000010111100
000000000000
000000000000
000000000000
000000000000
000000000000
000000000000
000000000000
000000000000
000000000000
000000000000
000000000000
000000000000
000000000000
000000000000
000000000000
000000000000
000000000000
000000000000
000000000000
000000000000
000000000000
000000000000
000000000000
000000000000
000000000000
000000000000
000000000000
000000000000
000000000000
000000000000
000000000000
000000000000
000000000000
000000000000
000000000000
000000000000
000000000000
000000000000
000000000000
000000000000
000000000000
000000000000
000000000000
000000000000
000000000000
000000000000
000000000000
000000000000
000000000000
000000000000
000000000000
000000000000
000000000000
000000000000
000000000000
000000000000
000000000000
000000000000
000000000000
000000000000
000000000000
000000000000
000000000000
000000000000
000000000000
000000000000
000000000000
000000000000
000000000000
000000000000
000000000000
000000000000
000000000000
000000000000
000000000000
000000000000
000000000000
000000000000
000000000000
000000000000
000000000000
000000000000
000000000000
000000000000
000000000000
000000000000
000000000000
000000000000
000000000000
000000000000
000000000000
000000000000
000000000000
000000000000
000000000000
000000000000
000000000000
000000000000
000000000000
000000000000
000000000000
000000000000
000000000000
000000000000
000000000000
000000000000
000000000000
000000000000
000000000000
000000000000
000000000000
000000000000
000000000000
000000000000
000000000000
000000000000
000000000000
000000000000
000000000000
000000000000
000000000000
000000000000
000000000000
000000000000
000000000000
000000000000
000000000000
000000000000
000000000000
000000000000
000000000000
000000000000
000000000000
000000000000
000000000000
000000000000
000000000000
000000000000
000000000000
000000000000
000000000000
000000000000
000000000000
000000000000
000000000000
000000000000
000000000000
000000000000
000000000000
000000000000
000000000000
000000000000
000000000000
000000000000
000000000000
000000000000
000000000000
000000000000
000000000000
000000000000
000000000000
000000000000
000000000000
000000000000
000000000000
000000000000
000000000000
000000000000
000000000000
000000000000
000000000000
000000000000
000000000000
000000000000
000000000000
000000000000
000000000000
000000000000
000000000000
000000000000
000000000000
000000000000
000000000000
000000000000
000000000000
000000000000
000000000000
000000000000
000000000000
000000000000
000000000000
000000000000
000000000000
000000000000
000000000000
000000000000
000000000000
000000000000
000000000000
000000000000
000000000000
000000000000
000000000000
000000000000
000000000000
000000000000
000000000000
000000000000
000000000000
000000000000
000000000000
000000000000
000000000000
000000000000
000000000000
000000000000
000000000000
000000000000
000000000000
000000000000
000000000000
000000000000
000000000000
000000000000
000000000000
000000000000
000000000000
000000000000
000000000000
000000000000
000000000000
000000000000
000000000000
000000000000
000000000000
000000000000
000000000000
000000000000
000000000000
000000000000
000000000000
000000000000
000000000000
000000000000
000000000000
000000000000
000000000000
000000000000
000000000000
000000000000
000000000000
000000000000
000000000000
000000000000
000000000000
000000000000
000000000000
000000000000
000000000000
000000000000
000000000000
000000000000
000000000000
000000000000
000000000000
000000000000
000000000000
000000000000
000000000000
000000000000
000000000000
000000000000
000000000000
000000000000
000000000000
000000000000
000000000000
000000000000
000000000000
000000000000
000000000000
000000000000
000000000000
000000000000
000000000000
000000000000
000000000000
000000000000
000000000000
000000000000
000000000000
000000000000
000000000000
000000000000
000000000000
000000000000
000000000000
000000000000
000000000000
000000000000
000000000000
000000000000
000000000000
000000000000
000000000000
000000000000
000000000000
000000000000
000000000000
000000000000
000000000000
000000000000
000000000000
000000000000
000000000000
000000000000
000000000000
000000000000
000000000000
000000000000
000000000000
000000000000
000000000000
000000000000
000000000000
000000000000
000000000000
000000000000
000000000000
000000000000
000000000000
000000000000
000000000000
000000000000
000000000000
000000000000
000000000000
000000000000
000000000000
000000000000
000000000000
000000000000
000000000000
000000000000
000000000000
000000000000
000000000000
000000000000
000000000000
000000000000
000000000000
000000000000
000000000000
000000000000
000000000000
000000000000
000000000000
000000000000
000000000000
000000000000
000000000000
000000000000
000000000000
000000000000
000000000000
000000000000
000000000000
000000000000
000000000000
000000000000
000000000000
000000000000
000000000000
000000000000
000000000000
000000000000
000000000000
000000000000
000000000000
000000000000
000000000000
000000000000
000000000000
000000000000
000000000000
000000000000
000000000000
000000000000
000000000000
000000000000
000000000000
000000000000
000000000000
000000000000
000000000000
000000000000
000000000000
000000000000
000000000000
000000000000
000000000000
000000000000
000000000000
000000000000
000000000000
000000000000
000000000000
000000000000
000000000000
000000000000
000000000000
000000000000
000000000000
000000000000
000000000000
000000000000
000000000000
000000000000
000000000000
000000000000
000000000000
000000000000
000000000000
000000000000
000000000000
000000000000
000000000000
000000000000
000000000000
000000000000
000000000000
000000000000
000000000000
000000000000
000000000000
000000000000
000000000000
000000000000
000000000000
000000000000
000000000000
000000000000
000000000000
000000000000
000000000000
000000000000
000000000000
000000000000
000000000000
000000000000
000000000000
000000000000
000000000000
000000000000
000000000000
000000000000
000000000000
000000000000
000000000000
000000000000
000000000000
000000000000
000000000000
000000000000
000000000000
000000000000
000000000000
000000000000
000000000000
000000000000
000000000000
000000000000
000000000000
000000000000
000000000000
000000000000
000000000000
000000000000
000000000000
000000000000
000000000000
000000000000
000000000000
000000000000
000000000000
000000000000
000000000000
000000000000
000000000000
000000000000
000000000000
000000000000
000000000000
000000000000
000000000000
000000000000
000000000000
000000000000
000000000000
000000000000
000000000000
000000000000
000000000000
000000000000
000000000000
000000000000
000000000000
000000000000
000000000000
000000000000
000000000000
000000000000
000000000000
000000000000
000000000000
000000000000
000000000000
000000000000
000000000000
000000000000
000000000000
000000000000
000000000000
000000000000
000000000000
000000000000
000000000000
000000000000
000000000000
000000000000
000000000000
000000000000
000000000000
000000000000
000000000000
000000000000
000000000000
000000000000
000000000000
000000000000
000000000000
000000000000
000000000000
000000000000
000000000000
000000000000
000000000000
000000000000
000000000000
000000000000
000000000000
000000000000
000000000000
000000000000
000000000000
000000000000
000000000000
000000000000
000000000000
000000000000
000000000000
000000000000
000000000000
000000000000
000000000000
000000000000
000000000000
000000000000
000000000000
000000000000
000000000000
000000000000
000000000000
000000000000
000000000000
000000000000
000000000000
000000000000
000000000000
000000000000
000000000000
000000000000
000000000000
000000000000
000000000000
000000000000
000000000000
000000000000
000000000000
000000000000
000000000000
000000000000
000000000000
000000000000
000000000000
000000000000
000000000000
000000000000
000000000000
000000000000
000000000000
000000000000
000000000000
000000000000
000000000000
000000000000
000000000000
000000000000
000000000000
000000000000
000000000000
000000000000
000000000000
000000000000
000000000000
000000000000
000000000000
000000000000
000000000000
000000000000
000000000000
000000000000
000000000000
000000000000
000000000000
000000000000
000000000000
000000000000
000000000000
000000000000
000000000000
000000000000
000000000000
000000000000
000000000000
000000000000
000000000000
000000000000
000000000000
000000000000
000000000000
000000000000
000000000000
000000000000
000000000000
000000000000
000000000000
000000000000
000000000000
000000000000
000000000000
000000000000
000000000000
000000000000
000000000000
000000000000
000000000000
000000000000
000000000000
000000000000
000000000000
000000000000
000000000000
000000000000
000000000000
000000000000
000000000000
000000000000
000000000000
000000000000
000000000000
000000000000
000000000000
000000000000
000000000000
000000000000
000000000000
000000000000
000000000000
000000000000
000000000000
000000000000
000000000000
000000000000
000000000000
000000000000
000000000000
000000000000
000000000000
000000000000
000000000000
000000000000
000000000000
000000000000
000000000000
000000000000
000000000000
000000000000
000000000000
000000000000
000000000000
000000000000
000000000000
000000000000
000000000000
000000000000
000000000000
000000000000
000000000000
000000000000
000000000000
000000000000
000000000000
000000000000
000000000000
000000000000
000000000000
000000000000
000000000000
000000000000
000000000000
000000000000
000000000000
000000000000
000000000000
000000000000
000000000000
000000000000
000000000000
000000000000
000000000000
000000000000
000000000000
000000000000
000000000000
000000000000
000000000000
000000000000
000000000000
000000000000
000000000000
000000000000
000000000000
000000000000
000000000000
000000000000
000000000000
000000000000
000000000000
000000000000
000000000000
000000000000
000000000000
000000000000
000000000000
000000000000
000000000000
000000000000
000000000000
000000000000
000000000000
000000000000
000000000000
000000000000
000000000000
000000000000
000000000000
000000000000
000000000000
000000000000
000000000000
000000000000
000000000000
000000000000
000000000000
000000000000
000000000000
000000000000
000000000000
000000000000
000000000000
000000000000
000000000000
000000000000
000000000000
000000000000
000000000000
000000000000
000000000000
000000000000
000000000000
000000000000
000000000000
000000000000
000000000000
000000000000
000000000000
000000000000
000000000000
000000000000
000000000000
000000000000
000000000000
000000000000
000000000000
000000000000
000000000000
000000000000
000000000000
000000000000
000000000000
000000000000
000000000000
000000000000
000000000000
000000000000
000000000000
000000000000
000000000000
000000000000
000000000000
000000000000
000000000000
000000000000
000000000000
000000000000
000000000000
000000000000
000000000000
000000000000
000000000000
000000000000
000000000000
000000000000
000000000000
000000000000
000000000000
000000000000
000000000000
000000000000
000000000000
000000000000
000000000000
000000000000
000000000000
000000000000
000000000000
000000000000
000000000000
000000000000
000000000000
000000000000
000000000000
000000000000
000000000000
000000000000
000000000000
000000000000
000000000000
000000000000
000000000000
000000000000
000000000000
000000000000
000000000000
000000000000
000000000000
000000000000
000000000000
000000000000
000000000000
000000000000
000000000000
000000000000
000000000000
000000000000
000000000000
000000000000
000000000000
000000000000
000000000000
000000000000
000000000000
000000000000
000000000000
000000000000
000000000000
000000000000
000000000000
000000000000
000000000000
000000000000
000000000000
000000000000
000000000000
000000000000
000000000000
000000000000
000000000000
000000000000
000000000000
000000000000
000000000000
000000000000
000000000000
000000000000
000000000000
000000000000
000000000000
000000000000
000000000000
000000000000
000000000000
000000000000
000000000000
000000000000
000000000000
000000000000
000000000000
000000000000
000000000000
000000000000
000000000000
000000000000
000000000000
000000000000
000000000000
000000000000
000000000000
000000000000
000000000000
000000000000
000000000000
000000000000
000000000000
000000000000
000000000000
000000000000
000000000000
000000000000
000000000000
000000000000
000000000000
000000000000
000000000000
000000000000
000000000000
000000000000
000000000000
000000000000
000000000000
000000000000
000000000000
000000000000
000000000000
000000000000
000000000000
000000000000
000000000000
000000000000
000000000000
000000000000
000000000000
000000000000
000000000000
000000000000
000000000000
000000000000
000000000000
000000000000
000000000000
000000000000
000000000000
000000000000
000000000000
000000000000
000000000000
000000000000
000000000000
000000000000
000000000000
000000000000
000000000000
000000000000
000000000000
000000000000
000000000000
000000000000
000000000000
000000000000
000000000000
000000000000
000000000000
000000000000
000000000000
000000000000
000000000000
000000000000
000000000000
000000000000
000000000000
000000000000
000000000000
000000000000
000000000000
000000000000
000000000000
000000000000
000000000000
000000000000
000000000000
000000000000
000000000000
000000000000
000000000000
000000000000
000000000000
000000000000
000000000000
000000000000
000000000000
000000000000
000000000000
000000000000
000000000000
000000000000
000000000000
000000000000
000000000000
000000000000
000000000000
000000000000
000000000000
000000000000
000000000000
000000000000
000000000000
000000000000
000000000000
000000000000
000000000000
000000000000
000000000000
000000000000
000000000000
000000000000
000000000000
000000000000
000000000000
000000000000
000000000000
000000000000
000000000000
000000000000
000000000000
000000000000
000000000000
000000000000
000000000000
000000000000
000000000000
000000000000
000000000000
000000000000
000000000000
000000000000
000000000000
000000000000
000000000000
000000000000
000000000000
000000000000
000000000000
000000000000
000000000000
000000000000
000000000000
000000000000
000000000000
000000000000
000000000000
000000000000
000000000000
000000000000
000000000000
000000000000
000000000000
000000000000
000000000000
000000000000
000000000000
000000000000
000000000000
000000000000
000000000000
000000000000
000000000000
000000000000
000000000000
000000000000
000000000000
000000000000
000000000000
000000000000
000000000000
000000000000
000000000000
000000000000
000000000000
000000000000
000000000000
000000000000
000000000000
000000000000
000000000000
000000000000
000000000000
000000000000
000000000000
000000000000
000000000000
000000000000
000000000000
000000000000
000000000000
000000000000
000000000000
000000000000
000000000000
000000000000
000000000000
000000000000
000000000000
000000000000
000000000000
000000000000
000000000000
000000000000
000000000000
000000000000
000000000000
000000000000
000000000000
000000000000
000000000000
000000000000
000000000000
000000000000
000000000000
000000000000
000000000000
000000000000
000000000000
000000000000
000000000000
000000000000
000000000000
000000000000
000000000000
000000000000
000000000000
000000000000
000000000000
000000000000
000000000000
000000000000
000000000000
000000000000
000000000000
000000000000
000000000000
000000000000
000000000000
000000000000
000000000000
000000000000
000000000000
000000000000
000000000000
000000000000
000000000000
000000000000
000000000000
000000000000
000000000000
000000000000
000000000000
000000000000
000000000000
000000000000
000000000000
000000000000
000000000000
000000000000
000000000000
000000000000
000000000000
000000000000
000000000000
000000000000
000000000000
000000000000
000000000000
000000000000
000000000000
000000000000
000000000000
000000000000
000000000000
000000000000
000000000000
000000000000
000000000000
000000000000
000000000000
000000000000
000000000000
000000000000
000000000000
000000000000
000000000000
000000000000
000000000000
000000000000
000000000000
000000000000
000000000000
000000000000
000000000000
000000000000
000000000000
000000000000
000000000000
000000000000
000000000000
000000000000
000000000000
000000000000
000000000000
000000000000
000000000000
000000000000
000000000000
000000000000
000000000000
000000000000
000000000000
000000000000
000000000000
000000000000
000000000000
000000000000
000000000000
000000000000
000000000000
000000000000
000000000000
000000000000
000000000000
000000000000
000000000000
000000000000
000000000000
000000000000
000000000000
000000000000
000000000000
000000000000
000000000000
000000000000
000000000000
000000000000
000000000000
000000000000
000000000000
000000000000
000000000000
000000000000
000000000000
000000000000
000000000000
000000000000
000000000000
000000000000
000000000000
000000000000
000000000000
000000000000
000000000000
000000000000
000000000000
000000000000
000000000000
000000000000
000000000000
000000000000
000000000000
000000000000
000000000000
000000000000
000000000000
000000000000
000000000000
000000000000
000000000000
000000000000
000000000000
000000000000
000000000000
000000000000
000000000000
000000000000
000000000000
000000000000
000000000000
000000000000
000000000000
000000000000
000000000000
000000000000
000000000000
000000000000
000000000000
000000000000
000000000000
000000000000
000000000000
000000000000
000000000000
000000000000
000000000000
000000000000
000000000000
000000000000
000000000000
000000000000
000000000000
000000000000
000000000000
000000000000
000000000000
000000000000
000000000000
000000000000
000000000000
000000000000
000000000000
000000000000
000000000000
000000000000
000000000000
000000000000
000000000000
000000000000
000000000000
000000000000
000000000000
000000000000
000000000000
000000000000
000000000000
000000000000
000000000000
000000000000
000000000000
000000000000
000000000000
000000000000
000000000000
000000000000
000000000000
000000000000
000000000000
000000000000
000000000000
000000000000
000000000000
000000000000
000000000000
000000000000
000000000000
000000000000
000000000000
000000000000
000000000000
000000000000
000000000000
000000000000
000000000000
000000000000
000000000000
000000000000
000000000000
000000000000
000000000000
000000000000
000000000000
000000000000
000000000000
000000000000
000000000000
000000000000
000000000000
000000000000
000000000000
000000000000
000000000000
000000000000
000000000000
000000000000
000000000000
000000000000
000000000000
000000000000
000000000000
000000000000
000000000000
000000000000
000000000000
000000000000
000000000000
000000000000
000000000000
000000000000
000000000000
000000000000
000000000000
000000000000
000000000000
000000000000
000000000000
000000000000
000000000000
000000000000
000000000000
000000000000
000000000000
000000000000
000000000000
000000000000
000000000000
000000000000
000000000000
000000000000
000000000000
000000000000
000000000000
000000000000
000000000000
000000000000
000000000000
000000000000
000000000000
000000000000
000000000000
000000000000
000000000000
000000000000
000000000000
000000000000
000000000000
000000000000
000000000000
000000000000
000000000000
000000000000
000000000000
000000000000
000000000000
000000000000
000000000000
000000000000
000000000000
000000000000
000000000000
000000000000
000000000000
000000000000
000000000000
000000000000
000000000000
000000000000
000000000000
000000000000
000000000000
000000000000
000000000000
000000000000
000000000000
000000000000
000000000000
000000000000
000000000000
000000000000
000000000000
000000000000
000000000000
000000000000
000000000000
000000000000
000000000000
000000000000
000000000000
000000000000
000000000000
000000000000
000000000000
000000000000
000000000000
000000000000
000000000000
000000000000
000000000000
000000000000
000000000000
000000000000
000000000000
000000000000
000000000000
000000000000
000000000000
000000000000
000000000000
000000000000
000000000000
000000000000
000000000000
000000000000
000000000000
000000000000
000000000000
000000000000
000000000000
000000000000
000000000000
000000000000
000000000000
000000000000
000000000000
000000000000
000000000000
000000000000
000000000000
000000000000
000000000000
000000000000
000000000000
000000000000
000000000000
000000000000
000000000000
000000000000
000000000000
000000000000
000000000000
000000000000
000000000000
000000000000
000000000000
000000000000
000000000000
000000000000
000000000000
000000000000
000000000000
000000000000
000000000000
000000000000
000000000000
000000000000
000000000000
000000000000
000000000000
000000000000
000000000000
000000000000
000000000000
000000000000
000000000000
000000000000
000000000000
000000000000
000000000000
000000000000
000000000000
000000000000
000000000000
000000000000
000000000000
000000000000
000000000000
000000000000
000000000000
000000000000
000000000000
000000000000
000000000000
000000000000
000000000000
000000000000
000000000000
000000000000
000000000000
000000000000
000000000000
000000000000
000000000000
000000000000
000000000000
000000000000
000000000000
000000000000
000000000000
000000000000
000000000000
000000000000
000000000000
000000000000
000000000000
000000000000
000000000000
000000000000
000000000000
000000000000
000000000000
000000000000
000000000000
000000000000
000000000000
000000000000
000000000000
000000000000
000000000000
000000000000
000000000000
000000000000
000000000000
000000000000
000000000000
000000000000
000000000000
000000000000
000000000000
000000000000
000000000000
000000000000
000000000000
000000000000
000000000000
000000000000
000000000000
000000000000
000000000000
000000000000
000000000000
000000000000
000000000000
000000000000
000000000000
000000000000
000000000000
000000000000
000000000000
000000000000
000000000000
000000000000
000000000000
000000000000
000000000000
000000000000
000000000000
000000000000
000000000000
000000000000
000000000000
000000000000
000000000000
000000000000
000000000000
000000000000
000000000000
000000000000
000000000000
000000000000
000000000000
000000000000
000000000000
000000000000
000000000000
000000000000
000000000000
000000000000
000000000000
000000000000
000000000000
000000000000
000000000000
000000000000
000000000000
000000000000
000000000000
000000000000
000000000000
000000000000
000000000000
000000000000
000000000000
000000000000
000000000000
000000000000
000000000000
000000000000
000000000000
000000000000
000000000000
000000000000
000000000000
000000000000
000000000000
000000000000
000000000000
000000000000
000000000000
000000000000
000000000000
000000000000
000000000000
000000000000
000000000000
000000000000
000000000000
000000000000
000000000000
000000000000
000000000000
000000000000
000000000000
000000000000
000000000000
000000000000
000000000000
000000000000
000000000000
000000000000
000000000000
000000000000
000000000000
000000000000
000000000000
000000000000
000000000000
000000000000
000000000000
000000000000
000000000000
000000000000
000000000000
000000000000
000000000000
000000000000
000000000000
000000000000
000000000000
000000000000
000000000000
000000000000
000000000000
000000000000
000000000000
000000000000
000000000000
000000000000
000000000000
000000000000
000000000000
000000000000
000000000000
000000000000
000000000000
000000000000
000000000000
000000000000
000000000000
000000000000
000000000000
000000000000
000000000000
000000000000
000000000000
000000000000
000000000000
000000000000
000000000000
000000000000
000000000000
000000000000
000000000000
000000000000
000000000000
000000000000
000000000000
000000000000
000000000000
000000000000
000000000000
000000000000
000000000000
000000000000
000000000000
000000000000
000000000000
000000000000
000000000000
000000000000
000000000000
000000000000
000000000000
000000000000
000000000000
000000000000
000000000000
000000000000
000000000000
000000000000
000000000000
000000000000
000000000000
000000000000
000000000000
000000000000
000000000000
000000000000
000000000000
000000000000
000000000000
000000000000
000000000000
000000000000
000000000000
000000000000
000000000000
000000000000
000000000000
000000000000
000000000000
000000000000
000000000000
000000000000
000000000000
000000000000
000000000000
000000000000
000000000000
000000000000
000000000000
000000000000
000000000000
000000000000
000000000000
000000000000
000000000000
000000000000
000000000000
000000000000
000000000000
000000000000
000000000000
000000000000
000000000000
000000000000
000000000000
000000000000
000000000000
000000000000
000000000000
000000000000
000000000000
000000000000
000000000000
000000000000
000000000000
000000000000
000000000000
000000000000
000000000000
000000000000
000000000000
000000000000
000000000000
000000000000
000000000000
000000000000
000000000000
000000000000
000000000000
000000000000
000000000000
000000000000
000000000000
000000000000
000000000000
000000000000
000000000000
000000000000
000000000000
000000000000
000000000000
000000000000
000000000000
000000000000
000000000000
000000000000
000000000000
000000000000
000000000000
000000000000
000000000000
000000000000
000000000000
000000000000
000000000000
000000000000
000000000000
000000000000
000000000000
000000000000
000000000000
000000000000
000000000000
000000000000
000000000000
000000000000
000000000000
000000000000
000000000000
000000000000
000000000000
000000000000
000000000000
000000000000
000000000000
000000000000
000000000000
000000000000
000000000000
000000000000
000000000000
000000000000
000000000000
000000000000
000000000000
000000000000
000000000000
000000000000
000000000000
000000000000
000000000000
000000000000
000000000000
000000000000
000000000000
000000000000
000000000000
000000000000
000000000000
000000000000
000000000000
000000000000
000000000000
000000000000
000000000000
000000000000
000000000000
000000000000
000000000000
000000000000
000000000000
000000000000
000000000000
000000000000
000000000000
000000000000
000000000000
000000000000
000000000000
000000000000
000000000000
000000000000
000000000000
000000000000
000000000000
000000000000
000000000000
000000000000
000000000000
000000000000
000000000000
000000000000
000000000000
000000000000
000000000000
000000000000
000000000000
000000000000
000000000000
000000000000
000000000000
000000000000
000000000000
000000000000
000000000000
000000000000
000000000000
000000000000
000000000000
000000000000
000000000000
000000000000
000000000000
000000000000
000000000000
000000000000
000000000000
000000000000
000000000000
000000000000
000000000000
000000000000
000000000000
000000000000
000000000000
000000000000
000000000000
000000000000
000000000000
000000000000
000000000000
000000000000
000000000000
