001100101110
010100110001
000000110001
110111110011
101101111101
110000101001
111000110101
111000101000
001110100010
100000000000
110100101001
001010111011
000011101100
010110011111
110000101110
001001001101
110001100111
111100011011
010100100011
110000010000
010110110000
010010111001
011011011100
000100001010
100000001100
010010111010
010000111100
101101101101
000011010010
000111010010
100110000000
110001011110
111001011110
101111110001
000011110110
110010101110
001010111000
110010110101
000000111111
001001101101
010111001010
101010011101
100111000000
011010000111
001000100001
010110111011
101000100011
001010100101
000111010101
000100011101
000001001000
001100011100
011000110000
100000101000
111101000010
011111111111
110010001110
100000000000
001010011011
111111110110
001110011000
000001010100
111111110010
100011101101
111011010010
110100101000
111100110010
000111010101
011000101000
010101110111
011111101011
011100010010
110101110011
100001010100
001011010100
110101001000
111110110000
101001110110
110010110110
110010101010
010101101101
111100100001
001001111111
111110101001
000110110000
010110000100
001111100100
110111001001
000000001001
000110110010
100000010110
000010011001
101010100110
110110111100
111100000110
010011010110
011111111111
101100001110
000101110101
110000100110
010101001100
111110110110
110001111111
000101011011
001000110101
100010010101
111001001011
011111111111
001010100110
000000101011
000010001001
001100100101
000010010010
110110100000
110000100011
100000011001
110000110110
011011011101
111101100000
111010000101
011111111111
111100010011
100111000110
111100010011
001101011110
111110101111
110101011100
001101111001
010111100000
000111110110
101000010010
010010010000
111011100011
111111110000
010011110101
110000001110
011001101011
101010101010
110110010011
111110001100
101101101111
010110001111
110011101000
111100111101
000001101011
110010110111
101111110110
110101011111
010101110000
011001101101
101010101011
001010000010
110110001011
111011010111
000101001000
011000100011
111010110100
001010100101
101111111001
001110010111
110111011111
000011101111
110011000011
011101011110
101111101111
011000000010
100000000000
000010110111
101011000101
001011001001
011100001100
100110011111
110010100011
100000000000
110001000001
111010111111
001001101101
011111011110
111010111100
111001011101
111000010010
111110011110
010110010010
111110001010
000110001011
011101110100
111100011110
000101110101
110100011010
111010000010
111111010001
010010110011
100000110100
111001000101
001011111001
111010010111
111000010001
001100111011
110100111100
110110011101
111011010010
011111111111
001000111111
100011110011
111110111000
111111100101
111111110001
001110011100
000011111010
110010000001
011001000111
100000000000
000111011001
101100110111
001110011011
110111100101
110100011100
001100100001
000010101101
001001101000
001000011101
011000001110
111111011001
111100100101
110111010000
001001110011
010010110000
111111110110
000110001010
111100100001
110101101001
100011100000
000100011011
100101101111
110010000100
011111100100
000000001011
001011110001
100000000000
001110000001
110011101011
010000001101
001001000011
001000000100
010010001101
011011010111
110000000110
101111011000
110010100100
000111100101
101110000110
000111010111
000110001010
011100111011
010100011100
101111000100
110101000100
110101011100
111011001100
111100010111
101110011101
110100111111
001011101010
100110111101
110110011100
000001111110
001010010100
011111111111
111110000110
011011010000
111110011101
111001100110
101010010110
001111010010
111101101110
000101001010
000110001110
000001000101
110110101100
000101011010
111000001101
111011000011
100111110101
000110100111
111011110010
011101111001
110001111000
000010110110
111101100101
101000010111
110010000111
011111011110
001100101111
110100000010
111100001111
010001100100
111001001100
011001000001
111001011110
010000001101
100100110011
111010001001
110101100110
101110011011
010110010110
111100011010
111111101110
010011101000
111101000010
110110101010
111010100010
110110011110
010000001000
110011000011
111100110000
000000100110
111111100100
000010100110
101110111010
011010110101
111100111001
111011000010
001001011010
011100010110
000000011111
000000001010
000001001100
110001010000
000011111100
000000101000
111101111001
000100000000
110001011011
100010101110
110111010111
000011000100
001000101001
000001100100
001101101001
001010111010
000100011110
111001101101
110000101001
000011001101
000111011010
000000011111
110010101000
101001010100
011010100101
000110000101
000001001000
001001010110
001111010010
010010111111
001110100111
100101010101
110111111111
110110101010
100111111110
000110000100
100010101110
111110100011
111110001111
001110100011
010000011100
000011010110
111111010111
010000010011
001111100000
110111111000
001001000100
110111100111
110111101000
000000000011
100100001000
111011111101
001011000000
000111110110
110100110010
110011100001
111011110011
111011101101
001100101010
011000111011
010000101011
010000011100
110110111111
100000000000
011111111111
000111010101
100110101110
110000111001
111010100101
110010000110
010000100001
001011100011
110010000010
101101100101
000110100100
011001010010
110111011110
011110100000
101100011011
101111000010
000010011101
000001010101
001100011011
001110000100
101011111100
100011011010
000001011000
100010101101
011011110111
010111000010
001011100101
000001011000
110000010100
111110100111
001100111111
010000100111
111011101010
000100111100
000001011100
101010111100
111101101011
000001101010
001100110110
111001011110
001100100010
101101000010
101010000101
111011111001
000000011110
011111010000
110010101000
100000001010
000000010110
011101000001
010110010000
111001111110
110000110000
000011000110
001101011100
001101110000
111110001110
110000000101
110001110001
011111111111
110011001111
000110100011
010011110101
101100011000
010101000000
100000000000
100000001101
000100010111
011111111111
110010011001
001101111001
010011111011
110101000100
111100011010
110000001000
111110011000
001011111100
111001100000
110100010110
011111111111
111101100010
100100001010
010010110110
000001010001
100101000110
010111010011
111001110000
100000100100
111110001101
011110010111
000110110000
111011110101
111100011000
001011111101
111111011011
010110111001
000111110101
100101000100
000101010011
001111001101
111101001111
100000100100
110010101000
001001010101
101010011101
001100111110
010111111100
101010000101
000001110101
110011101111
000100100110
010100101010
110000000001
010110000001
111010001000
001110010101
000100111110
001010100010
101011100001
111111011001
110110000101
111111100111
101100111000
001011111001
001111110110
000001101011
000010100101
000100111111
110010001110
111100110000
001001101110
100001000011
010100011111
110010000000
000101100000
111010110111
001110000000
010010100000
010011110000
111100010000
100011000010
000100110000
110001101100
001001000000
100000000000
001000100011
000111000100
000001111101
000010100011
000001110011
010111000011
101110110011
000011010111
010101001100
101101110000
000010101011
100100111000
001011101100
001111010011
110010111000
001011010000
111110010101
110110010001
001110010010
111101011111
001110010111
000001100001
000100111000
110010110110
100011111001
010111011100
111110010001
001011100100
100010011010
111011000110
100111101011
011111111110
111101111010
001101111100
101011001111
011111101111
000101010100
100000000000
000001011101
101011100110
100010000010
011111010111
001000010100
010010100011
111001110101
111110101110
000010010001
111100100011
111011101100
001011010110
000011100000
000011001111
111100000010
000001101110
111010001001
010001001001
000010000111
100000000000
000000101011
110101110010
001101101010
000111101000
001001011010
101001110010
011111111111
010110010101
000001100100
111110010111
101000100011
111000010111
111010101010
010011111011
111000010101
001100101110
110001001100
100110001011
111110011101
110111011000
000110100111
111011000011
010100011011
011000111111
111000000000
011111111111
000101001101
111011100010
100101110100
010101101001
101110011001
111101010000
001011111000
100000000000
101100011010
001000110001
110111101000
001110111001
000001011010
000111011000
111100111000
111011011011
110101110100
111001100110
000100000100
101111100001
010001101001
111101011101
010010000011
111101000010
001111001100
001111111001
010011010100
100110010001
010101001101
001010110111
000001000100
101110111010
101010010011
110110011100
111110001000
101110001101
010110101100
110011100000
111100101111
000001011011
110010100101
101111101100
110101010001
010101001111
011001100001
101010111111
001010100000
110110010011
111011111001
000101001001
011000010100
111010100000
001010010010
101111110101
001110000000
110111100110
000100001111
110011001001
011101000111
101111101111
011000001011
100000000000
000011000011
101011010110
110100100111
001100001011
010001111110
111111011011
000110111001
010011101000
000001101101
000101100110
010100011101
000001101100
111001010000
000101011000
110011011100
111010010011
110001011010
110011111011
111101110011
100000000000
000100011011
001100011011
011111010101
111010011010
111000111100
000011111000
111101101111
000110011001
001001000110
001001010010
110010110001
000010001001
111101100111
000010010010
001000101100
111111111101
101000100101
001101110110
001010101001
111111100001
110111101011
111111111100
111000100100
000101001100
111011110110
101101001010
110011100000
001011101111
010010100110
000011111100
001100110000
010001000100
100111000101
000001110111
101101010100
001011010110
000100111010
001111010000
001000110101
001101000010
100000000000
100001001100
111111111011
110000110000
010001111100
111110001001
001110111101
010100111111
110011110000
000100001110
110001110101
110111001001
000110100101
010111111010
111000101110
110110001101
011001011111
101010011101
010000001101
011111111111
101111101011
000111001100
110001011011
110001110001
110000100011
101111010010
101100001100
101111010010
001011000111
010011001011
010011100010
111010000001
111100110000
110111110110
011001100111
110100001101
010101001100
110000111010
000111101110
010111111101
111000110001
110101010101
111000011111
110110010001
001010100010
111001111100
000100100111
011001111101
110001010110
101000110010
110100101111
000101101001
011110100001
110001101100
111010000001
000001011111
110110000011
100100011010
001111001110
111011001101
101110011100
011100000111
111111000100
001011011011
111011010010
110101010011
110001000101
010001110001
001111111001
010100011111
001110010101
000011000010
110101010011
101100011111
011010010100
100001001001
000001001010
000101011000
101101100111
110100111100
010010010000
011111101110
101110001010
110010001000
110110011110
110010001010
000101011010
101011101101
011110100011
101001110110
010101011110
000011000101
101011111111
011111101110
111001001010
011001011110
001111001001
100000000000
110100101010
010101110101
111110111001
010001001101
111111010101
000110000001
001100110011
110010111110
110101011000
001000101111
100000000000
111001011110
110010011101
001110111110
110001001001
000001010000
000000001000
010010101010
111111001100
110001011011
010111111010
000010010110
000000000010
111011101010
001110001111
101010101000
110001000111
010111110010
010111000010
111000000111
011010011000
110100110101
110100000100
111001100001
111100001100
111101000000
000001010000
001000111101
010101011001
110111010001
100000001101
101110011010
100000000000
001111101011
000000100100
010001000100
011111011100
110001000011
011111111111
001000110101
001001110010
110000011101
111111110011
100001011100
010010011001
110101111100
101010110111
101100110101
001111010001
000110010001
010101011111
111001000101
111001000110
000100000000
000110000110
011010101100
100000000000
001110100110
010101100100
001001011001
100101100101
111001010010
101111100110
111110100101
110001000001
000011000100
111011101110
011111111111
111001001110
000110100001
001110000110
010000000010
111101001011
101001101011
111010100100
110011110111
101010110100
110100011101
011111011011
001000101000
010011100110
110100010010
110100110100
111000010010
111100011010
010010111011
000010001011
111010011111
010010010101
111010111101
111100000101
000110111101
101100101110
000010011001
000001011000
000111001011
111101000110
001100100011
111100010100
101010010011
110001111101
110100001110
111110001110
110101100011
010101001111
010111110101
111011001111
011010000011
110101100011
010001110001
101011010010
110101000011
001000010111
111111000101
111100011110
110001010011
011011000000
110001100100
001100100010
001100100101
000110110010
101100000001
110101000111
101110111010
001001111110
000101010001
110111101011
100000000000
010111101110
010110010100
010111010111
110110100010
100011101100
000100101100
010100100111
001100010110
110001000000
001010001110
111100111101
110010001101
111000001111
111111000111
010100011000
000000010000
111001010101
110010010111
000101101011
000100111100
000111110010
111011111100
110011110011
111001001000
000110101101
010101101100
110100000011
111100100100
110011010010
010000001100
001001001111
000110111110
110010111000
110010100110
001100001101
000110011110
110000010110
011110011011
101111101101
000011111110
100100010100
110111001011
001010111110
111101111010
011001101100
111111101001
100111001001
010110011011
100001101011
101010101111
010110000000
010001101111
010010001011
101100000111
001100100101
001011011010
001100001101
110010110110
101010011101
011011111110
000111011100
000000100110
100011010100
001011011001
111111111101
000000000110
111011000011
101011010011
110011001111
111001100111
111010001000
111101100011
001001000100
000010110010
110111000110
111101101111
010001101100
001100111100
010000000000
011000101110
110011001001
011011100110
110010010100
111111101111
100000000000
000011111111
000000100111
000001001110
010110101100
100011000100
001000100000
100000000000
011111000101
110110110110
100000000000
011010111101
101111100111
101001100011
101100101111
001010100111
011000110110
011111111111
011111111111
000110101000
100000000000
001101110111
000101011001
100000000000
001011010010
001011001100
000101110010
100001011111
010100100101
001010110011
111101010001
010110110101
110111010010
110011111110
100100111101
000010010100
101100000101
011000111010
101011111100
111011011101
100111111010
010100000011
011101011010
000100010101
110111000101
000010010001
000001011000
110110011110
011111111111
111110111010
110010000111
100101111001
011111111111
111101011110
111110001001
101001010010
010011000101
110110010101
001101110111
000000000101
100101011100
010001001011
111001111101
001001001111
111111110111
110101101100
101111110111
001100110101
101011000111
000010001000
010000011010
010010001010
110110111001
000111000000
000001110000
110000001100
111000101001
110111101100
000110110011
000010111000
111111011000
010010100000
111011111110
111110011001
111001011100
010110000001
100100111000
001110001111
110011111111
001011111100
000011101011
101010011110
001100010010
001001000110
000010101111
010001011111
110101000110
001010100110
110100111010
000011010101
101001010011
110011100000
110010011111
110111000011
100000000000
010111110001
011011000011
010110110001
010110110010
101011000101
000000011000
000010001001
001100101011
011100100111
111101111111
101010000010
101101110011
110101001100
000000001111
110011100010
111000110101
011111111111
001100011001
111000101001
111011010101
100111010010
110001110010
000100110010
111100110010
111110001001
011000101111
101000111101
111110110101
101010100010
110100110110
001100001001
010001011101
111111110100
000111000001
010100000100
000001100010
000101101111
010100010000
000001110010
111000111111
000101010110
110011011001
111010011000
110001001000
110100010110
111101101100
100000000000
000100010011
001100110110
011111001111
111010110001
111000101110
000100010011
111101110011
000110010100
001000101111
001001001011
110011000111
000010001110
111101110100
000010001010
110000100110
011111100000
001101010010
110111011100
001011011001
100101010100
110101110001
110010001100
001101111000
111100110000
110101010101
001001100010
110110110000
001010010101
111000010111
011111101101
001110010011
101001111001
000100101001
001010111101
100000110000
100011111011
001001110110
001101001001
000000100011
010011101001
111111010111
110011011011
111001010100
000001111011
110010101001
111111011000
000000100110
010111011101
000101011010
000011001101
000000011110
001101000010
111000000101
101011010111
111001000100
000111110001
111010101100
111110100111
000001111110
111101100001
110111011100
010110010110
011110001001
101100111001
100000000000
000110010000
101101010010
000110011010
001101110001
001110011000
110011100110
011110101100
111010100000
110100010111
111100111101
010110111010
000010110010
000000110111
001100011010
001100010110
110010111110
110101001001
100011111111
000010110011
000101100010
101001100010
111010100110
001011000001
101000010001
111010110001
111001110011
001111010000
010011101010
001011001001
011110101001
110110100100
111011111110
100000000000
010110000000
000110110010
000111111101
000111000001
000110101111
010011011010
100101110101
110011011101
110011011100
000011010011
111101011000
110111111110
001011000010
101101011011
011011000100
000010001101
111001000001
101100010000
101100001001
000000101001
010000111111
110010100110
010110010001
110100110101
001101110011
111000100101
010100000110
110101010110
100110010110
011111111111
111000000101
011111111111
110101111010
110100100110
100110011000
000110010111
101001110011
101001001011
110100111010
000111011000
000110011110
110110101100
101010110101
001110011010
000001110101
111101011111
000011000111
001100111100
000100001001
110100101110
010011110000
011111111111
001100111000
000011111011
101011011011
100000001101
110010010100
110010011011
110100111101
000001001011
010111110010
111011011011
111010010010
111010011000
000100101000
001001000010
111111101000
000111001010
111101011001
001100010010
110100010111
000010111101
111000100111
001100011010
000000011011
000001100111
110110001110
101110011111
111111111000
011110101001
101101110001
000010100011
111100000110
101111101110
010111100000
011111111111
001100110110
100110101111
110110011000
101110010110
000100011011
101111111111
000111101101
001110010000
101110101001
110110111010
000001010010
000101011011
001101110110
110001110011
010000000010
010000011101
110010110001
110011001101
010101011001
101001110111
000111100001
010011110010
001011011011
111000011010
000011000011
111010010000
100000100101
000110010011
100101101100
010110010100
001010100001
110110101000
100110011001
011001000001
111101010111
111111000010
001010110110
011000011101
101000011100
001011100011
010011011000
011000000001
111110001101
101011101101
111011000010
101101111101
111111100010
100000000000
010100010011
000011011110
101010010011
000010110001
110101111111
001111000001
011001001000
101010111111
000111010010
101001101010
001100011110
111101100101
010101000110
111011011111
001001110111
011000111110
111100011100
010101110101
001000101100
110000100011
000000010010
000011010011
110011000010
110101011111
101100100100
100110000101
110111110001
111011101101
111110010000
110100101111
111110110011
000000110011
001001011100
010101100100
010010111010
000011000101
001110011001
110100010011
101001001010
000011101111
011010111100
010111001110
001010001111
000011001000
100101110110
111100100111
101011010110
111101011011
011111111111
111101100100
111111110100
100000000000
010110000001
111010110000
111111000111
100010001100
110110101010
010111111001
101110110100
110010011100
001010001100
011111111111
100011101111
000011100001
000100101111
001001000010
011111111111
001100000000
111101001000
000011111000
101100100010
101011010101
001010011110
001101110101
011011111011
110011010101
100000000000
111100110101
001010010000
111101011100
111100111111
111101010111
011000001001
010010000111
100001100000
101011101111
100010001011
000010110011
110000111110
110110010001
000110001010
011010001100
000000101000
000000111011
001000010101
001101111000
011111111111
110111001111
111000010011
000101000101
100101000000
001110110000
001010110100
110101111101
000110001110
001100000100
110001101111
111001100011
010010011101
100101001100
101111010010
010000100010
011011000010
100010001101
111101000111
101111110011
100000000000
000110011000
000100010101
011011010011
001001111010
000100100000
010101111100
001010001000
000100101000
001110011101
101000011010
001001110001
111110101100
110101110001
000000001100
000101001110
000110011111
000010111111
001110010101
001001001100
100110101011
111101001010
100000000000
000101111000
110100001100
110100110110
011111111111
111010001111
010000000111
000001101011
010000111101
101100111010
010110001100
111001001110
101001111010
001100010101
110110111100
110111110101
111010000011
110010110111
001111110101
001011000100
111100011001
010011000110
111000101111
000101100010
110110010110
000100001001
011111111111
110111000011
110000110101
101000000101
111100011110
000011011101
000001001110
011111111111
001100000101
110101110110
110110001001
000111111001
100001110111
110100011001
101100110011
111110000110
110111000111
111001110000
111110110000
001111100100
010001101111
001001010100
101100110001
001001101010
001110101011
011111111111
110001011111
000100010010
000000010101
111110001000
000001110101
110111001100
000000000011
001011110100
101011001011
000100100010
100100100111
001111100101
110101110011
010100010110
110000001111
110110100110
110011011111
111001011001
111010010101
011101011010
111011101101
111110011111
000100110001
111000110111
010100111010
011010101110
101101100010
001111011111
110100110011
110101000000
100110010101
010001010111
000111011010
110110001110
011010101011
101010101000
000110111000
111110111000
111100110010
000001111101
000000011000
000100100111
110011111100
000100010011
011111111111
101110100100
100011011011
101101110100
111000110011
011100100100
101011011011
111010111110
001110011100
110010100000
010100011011
001000010011
010000110000
111110100110
100110100001
101100100011
001010011101
010011010000
000001111100
000001100001
001111011101
111000111100
111010000110
000100111110
111000011010
100110110011
111101101011
000111000010
000101110010
110100010100
000100011011
001111001001
010110011110
000010110000
010001110000
111001110000
110101000001
100000011100
001111001101
101001100101
100000000000
111110101010
001101001111
011100111111
010011111001
101100100000
011010110100
000000011101
001101111011
010100000110
000011010001
111100010011
101000010010
111110110101
111110110110
111011111010
100001111001
111011101101
111110100111
011001010011
110000101011
011111011011
001100110000
110111110011
001010111101
100101011010
110101100101
110001101101
001101101000
111100111100
110101011111
001001110101
110110110111
001010110100
111000000111
011111101010
001110000110
101010011001
000100111110
001010111010
100000110110
100011011110
001001101101
001101011110
000000011101
010011110001
111111000000
110011100010
111001010111
000010001010
110010100101
111111011011
000000000000
000000000000
000000000000
000000000000
000000000000
000000000000
000000000000
000000000000
000000000000
000000000000
000000000000
000000000000
000000000000
000000000000
000000000000
000000000000
000000000000
000000000000
000000000000
000000000000
000000000000
000000000000
000000000000
000000000000
000000000000
000000000000
000000000000
000000000000
000000000000
000000000000
000000000000
000000000000
000000000000
000000000000
000000000000
000000000000
000000000000
000000000000
000000000000
000000000000
000000000000
000000000000
000000000000
000000000000
000000000000
000000000000
000000000000
000000000000
000000000000
000000000000
000000000000
000000000000
000000000000
000000000000
000000000000
000000000000
000000000000
000000000000
000000000000
000000000000
000000000000
000000000000
000000000000
000000000000
000000000000
000000000000
000000000000
000000000000
000000000000
000000000000
000000000000
000000000000
000000000000
000000000000
000000000000
000000000000
000000000000
000000000000
000000000000
000000000000
000000000000
000000000000
000000000000
000000000000
000000000000
000000000000
000000000000
000000000000
000000000000
000000000000
000000000000
000000000000
000000000000
000000000000
000000000000
000000000000
000000000000
000000000000
000000000000
000000000000
000000000000
000000000000
000000000000
000000000000
000000000000
000000000000
000000000000
000000000000
000000000000
000000000000
000000000000
000000000000
000000000000
000000000000
000000000000
000000000000
000000000000
000000000000
000000000000
000000000000
000000000000
000000000000
000000000000
000000000000
000000000000
000000000000
000000000000
000000000000
000000000000
000000000000
000000000000
000000000000
000000000000
000000000000
000000000000
000000000000
000000000000
000000000000
000000000000
000000000000
000000000000
000000000000
000000000000
000000000000
000000000000
000000000000
000000000000
000000000000
000000000000
000000000000
000000000000
000000000000
000000000000
000000000000
000000000000
000000000000
000000000000
000000000000
000000000000
000000000000
000000000000
000000000000
000000000000
000000000000
000000000000
000000000000
000000000000
000000000000
000000000000
000000000000
000000000000
000000000000
000000000000
000000000000
000000000000
000000000000
000000000000
000000000000
000000000000
000000000000
000000000000
000000000000
000000000000
000000000000
000000000000
000000000000
000000000000
000000000000
000000000000
000000000000
000000000000
000000000000
000000000000
000000000000
000000000000
000000000000
000000000000
000000000000
000000000000
000000000000
000000000000
000000000000
000000000000
000000000000
000000000000
000000000000
000000000000
000000000000
000000000000
000000000000
000000000000
000000000000
000000000000
000000000000
000000000000
000000000000
000000000000
000000000000
000000000000
000000000000
000000000000
000000000000
000000000000
000000000000
000000000000
000000000000
000000000000
000000000000
000000000000
000000000000
000000000000
000000000000
000000000000
000000000000
000000000000
000000000000
000000000000
000000000000
000000000000
000000000000
000000000000
000000000000
000000000000
000000000000
000000000000
000000000000
000000000000
000000000000
000000000000
000000000000
000000000000
000000000000
000000000000
000000000000
000000000000
000000000000
000000000000
000000000000
000000000000
000000000000
000000000000
000000000000
000000000000
000000000000
000000000000
000000000000
000000000000
000000000000
000000000000
000000000000
000000000000
000000000000
000000000000
000000000000
000000000000
000000000000
000000000000
000000000000
000000000000
000000000000
000000000000
000000000000
000000000000
000000000000
000000000000
000000000000
000000000000
000000000000
000000000000
000000000000
000000000000
000000000000
000000000000
000000000000
000000000000
000000000000
000000000000
000000000000
000000000000
000000000000
000000000000
000000000000
000000000000
000000000000
000000000000
000000000000
000000000000
000000000000
000000000000
000000000000
000000000000
000000000000
000000000000
000000000000
000000000000
000000000000
000000000000
000000000000
000000000000
000000000000
000000000000
000000000000
000000000000
000000000000
000000000000
000000000000
000000000000
000000000000
000000000000
000000000000
000000000000
000000000000
000000000000
000000000000
000000000000
000000000000
000000000000
000000000000
000000000000
000000000000
000000000000
000000000000
000000000000
000000000000
000000000000
000000000000
000000000000
000000000000
000000000000
000000000000
000000000000
000000000000
000000000000
000000000000
000000000000
000000000000
000000000000
000000000000
000000000000
000000000000
000000000000
000000000000
000000000000
000000000000
000000000000
000000000000
000000000000
000000000000
000000000000
000000000000
000000000000
000000000000
000000000000
000000000000
000000000000
000000000000
000000000000
000000000000
000000000000
000000000000
000000000000
000000000000
000000000000
000000000000
000000000000
000000000000
000000000000
000000000000
000000000000
000000000000
000000000000
000000000000
000000000000
000000000000
000000000000
000000000000
000000000000
000000000000
000000000000
000000000000
000000000000
000000000000
000000000000
000000000000
000000000000
000000000000
000000000000
000000000000
000000000000
000000000000
000000000000
000000000000
000000000000
000000000000
000000000000
000000000000
000000000000
000000000000
000000000000
000000000000
000000000000
000000000000
000000000000
000000000000
000000000000
000000000000
000000000000
000000000000
000000000000
000000000000
000000000000
000000000000
000000000000
000000000000
000000000000
000000000000
000000000000
000000000000
000000000000
000000000000
000000000000
000000000000
000000000000
000000000000
000000000000
000000000000
000000000000
000000000000
000000000000
000000000000
000000000000
000000000000
000000000000
000000000000
000000000000
000000000000
000000000000
000000000000
000000000000
000000000000
000000000000
000000000000
000000000000
000000000000
000000000000
000000000000
000000000000
000000000000
000000000000
000000000000
000000000000
000000000000
000000000000
000000000000
000000000000
000000000000
000000000000
000000000000
000000000000
000000000000
000000000000
000000000000
000000000000
000000000000
000000000000
000000000000
000000000000
000000000000
000000000000
000000000000
000000000000
000000000000
000000000000
000000000000
000000000000
000000000000
000000000000
000000000000
000000000000
000000000000
000000000000
000000000000
000000000000
000000000000
000000000000
000000000000
000000000000
000000000000
000000000000
000000000000
000000000000
000000000000
000000000000
000000000000
000000000000
000000000000
000000000000
000000000000
000000000000
000000000000
000000000000
000000000000
000000000000
000000000000
000000000000
000000000000
000000000000
000000000000
000000000000
000000000000
000000000000
000000000000
000000000000
000000000000
000000000000
000000000000
000000000000
000000000000
000000000000
000000000000
000000000000
000000000000
000000000000
000000000000
000000000000
000000000000
000000000000
000000000000
000000000000
000000000000
000000000000
000000000000
000000000000
000000000000
000000000000
000000000000
000000000000
000000000000
000000000000
000000000000
000000000000
000000000000
000000000000
000000000000
000000000000
000000000000
000000000000
000000000000
000000000000
000000000000
000000000000
000000000000
000000000000
000000000000
000000000000
000000000000
000000000000
000000000000
000000000000
000000000000
000000000000
000000000000
000000000000
000000000000
000000000000
000000000000
000000000000
000000000000
000000000000
000000000000
000000000000
000000000000
000000000000
000000000000
000000000000
000000000000
000000000000
000000000000
000000000000
000000000000
000000000000
000000000000
000000000000
000000000000
000000000000
000000000000
000000000000
000000000000
000000000000
000000000000
000000000000
000000000000
000000000000
000000000000
000000000000
000000000000
000000000000
000000000000
000000000000
000000000000
000000000000
000000000000
000000000000
000000000000
000000000000
000000000000
000000000000
000000000000
000000000000
000000000000
000000000000
000000000000
000000000000
000000000000
000000000000
000000000000
000000000000
000000000000
000000000000
000000000000
000000000000
000000000000
000000000000
000000000000
000000000000
000000000000
000000000000
000000000000
000000000000
000000000000
000000000000
000000000000
000000000000
000000000000
000000000000
000000000000
000000000000
000000000000
000000000000
000000000000
000000000000
000000000000
000000000000
000000000000
000000000000
000000000000
000000000000
000000000000
000000000000
000000000000
000000000000
000000000000
000000000000
000000000000
000000000000
000000000000
000000000000
000000000000
000000000000
000000000000
000000000000
000000000000
000000000000
000000000000
000000000000
000000000000
000000000000
000000000000
000000000000
000000000000
000000000000
000000000000
000000000000
000000000000
000000000000
000000000000
000000000000
000000000000
000000000000
000000000000
000000000000
000000000000
000000000000
000000000000
000000000000
000000000000
000000000000
000000000000
000000000000
000000000000
000000000000
000000000000
000000000000
000000000000
000000000000
000000000000
000000000000
000000000000
000000000000
000000000000
000000000000
000000000000
000000000000
000000000000
000000000000
000000000000
000000000000
000000000000
000000000000
000000000000
000000000000
000000000000
000000000000
000000000000
000000000000
000000000000
000000000000
000000000000
000000000000
000000000000
000000000000
000000000000
000000000000
000000000000
000000000000
000000000000
000000000000
000000000000
000000000000
000000000000
000000000000
000000000000
000000000000
000000000000
000000000000
000000000000
000000000000
000000000000
000000000000
000000000000
000000000000
000000000000
000000000000
000000000000
000000000000
000000000000
000000000000
000000000000
000000000000
000000000000
000000000000
000000000000
000000000000
000000000000
000000000000
000000000000
000000000000
000000000000
000000000000
000000000000
000000000000
000000000000
000000000000
000000000000
000000000000
000000000000
000000000000
000000000000
000000000000
000000000000
000000000000
000000000000
000000000000
000000000000
000000000000
000000000000
000000000000
000000000000
000000000000
000000000000
000000000000
000000000000
000000000000
000000000000
000000000000
000000000000
000000000000
000000000000
000000000000
000000000000
000000000000
000000000000
000000000000
000000000000
000000000000
000000000000
000000000000
000000000000
000000000000
000000000000
000000000000
000000000000
000000000000
000000000000
000000000000
000000000000
000000000000
000000000000
000000000000
000000000000
000000000000
000000000000
000000000000
000000000000
000000000000
000000000000
000000000000
000000000000
000000000000
000000000000
000000000000
000000000000
000000000000
000000000000
000000000000
000000000000
000000000000
000000000000
000000000000
000000000000
000000000000
000000000000
000000000000
000000000000
000000000000
000000000000
000000000000
000000000000
000000000000
000000000000
000000000000
000000000000
000000000000
000000000000
000000000000
000000000000
000000000000
000000000000
000000000000
000000000000
000000000000
000000000000
000000000000
000000000000
000000000000
000000000000
000000000000
000000000000
000000000000
000000000000
000000000000
000000000000
000000000000
000000000000
000000000000
000000000000
000000000000
000000000000
000000000000
000000000000
000000000000
000000000000
000000000000
000000000000
000000000000
000000000000
000000000000
000000000000
000000000000
000000000000
000000000000
000000000000
000000000000
000000000000
000000000000
000000000000
000000000000
000000000000
000000000000
000000000000
000000000000
000000000000
000000000000
000000000000
000000000000
000000000000
000000000000
000000000000
000000000000
000000000000
000000000000
000000000000
000000000000
000000000000
000000000000
000000000000
000000000000
000000000000
000000000000
000000000000
000000000000
000000000000
000000000000
000000000000
000000000000
000000000000
000000000000
000000000000
000000000000
000000000000
000000000000
000000000000
000000000000
000000000000
000000000000
000000000000
000000000000
000000000000
000000000000
000000000000
000000000000
000000000000
000000000000
000000000000
000000000000
000000000000
000000000000
000000000000
000000000000
000000000000
000000000000
000000000000
000000000000
000000000000
000000000000
000000000000
000000000000
000000000000
000000000000
000000000000
000000000000
000000000000
000000000000
000000000000
000000000000
000000000000
000000000000
000000000000
000000000000
000000000000
000000000000
000000000000
000000000000
000000000000
000000000000
000000000000
000000000000
000000000000
000000000000
000000000000
000000000000
000000000000
000000000000
000000000000
000000000000
000000000000
000000000000
000000000000
000000000000
000000000000
000000000000
000000000000
000000000000
000000000000
000000000000
000000000000
000000000000
000000000000
000000000000
000000000000
000000000000
000000000000
000000000000
000000000000
000000000000
000000000000
000000000000
000000000000
000000000000
000000000000
000000000000
000000000000
000000000000
000000000000
000000000000
000000000000
000000000000
000000000000
000000000000
000000000000
000000000000
000000000000
000000000000
000000000000
000000000000
000000000000
000000000000
000000000000
000000000000
000000000000
000000000000
000000000000
000000000000
000000000000
000000000000
000000000000
000000000000
000000000000
000000000000
000000000000
000000000000
000000000000
000000000000
000000000000
000000000000
000000000000
000000000000
000000000000
000000000000
000000000000
000000000000
000000000000
000000000000
000000000000
000000000000
000000000000
000000000000
000000000000
000000000000
000000000000
000000000000
000000000000
000000000000
000000000000
000000000000
000000000000
000000000000
000000000000
000000000000
000000000000
000000000000
000000000000
000000000000
000000000000
000000000000
000000000000
000000000000
000000000000
000000000000
000000000000
000000000000
000000000000
000000000000
000000000000
000000000000
000000000000
000000000000
000000000000
000000000000
000000000000
000000000000
000000000000
000000000000
000000000000
000000000000
000000000000
000000000000
000000000000
000000000000
000000000000
000000000000
000000000000
000000000000
000000000000
000000000000
000000000000
000000000000
000000000000
000000000000
000000000000
000000000000
000000000000
000000000000
000000000000
000000000000
000000000000
000000000000
000000000000
000000000000
000000000000
000000000000
000000000000
000000000000
000000000000
000000000000
000000000000
000000000000
000000000000
000000000000
000000000000
000000000000
000000000000
000000000000
000000000000
000000000000
000000000000
000000000000
000000000000
000000000000
000000000000
000000000000
000000000000
000000000000
000000000000
000000000000
000000000000
000000000000
000000000000
000000000000
000000000000
000000000000
000000000000
000000000000
000000000000
000000000000
000000000000
000000000000
000000000000
000000000000
000000000000
000000000000
000000000000
000000000000
000000000000
000000000000
000000000000
000000000000
000000000000
000000000000
000000000000
000000000000
000000000000
000000000000
000000000000
000000000000
000000000000
000000000000
000000000000
000000000000
000000000000
000000000000
000000000000
000000000000
000000000000
000000000000
000000000000
000000000000
000000000000
000000000000
000000000000
000000000000
000000000000
000000000000
000000000000
000000000000
000000000000
000000000000
000000000000
000000000000
000000000000
000000000000
000000000000
000000000000
000000000000
000000000000
000000000000
000000000000
000000000000
000000000000
000000000000
000000000000
000000000000
000000000000
000000000000
000000000000
000000000000
000000000000
000000000000
000000000000
000000000000
000000000000
000000000000
000000000000
000000000000
000000000000
000000000000
000000000000
000000000000
000000000000
000000000000
000000000000
000000000000
000000000000
000000000000
000000000000
000000000000
000000000000
000000000000
000000000000
000000000000
000000000000
000000000000
000000000000
000000000000
000000000000
000000000000
000000000000
000000000000
000000000000
000000000000
000000000000
000000000000
000000000000
000000000000
000000000000
000000000000
000000000000
000000000000
000000000000
000000000000
000000000000
000000000000
000000000000
000000000000
000000000000
000000000000
000000000000
000000000000
000000000000
000000000000
000000000000
000000000000
000000000000
000000000000
000000000000
000000000000
000000000000
000000000000
000000000000
000000000000
000000000000
000000000000
000000000000
000000000000
000000000000
000000000000
000000000000
000000000000
000000000000
000000000000
000000000000
000000000000
000000000000
000000000000
000000000000
000000000000
000000000000
000000000000
000000000000
000000000000
000000000000
000000000000
000000000000
000000000000
000000000000
000000000000
000000000000
000000000000
000000000000
000000000000
000000000000
000000000000
000000000000
000000000000
000000000000
000000000000
000000000000
000000000000
000000000000
000000000000
000000000000
000000000000
000000000000
000000000000
000000000000
000000000000
000000000000
000000000000
000000000000
000000000000
000000000000
000000000000
000000000000
000000000000
000000000000
000000000000
000000000000
000000000000
000000000000
000000000000
000000000000
000000000000
000000000000
000000000000
000000000000
000000000000
000000000000
000000000000
000000000000
000000000000
000000000000
000000000000
000000000000
000000000000
000000000000
000000000000
000000000000
000000000000
000000000000
000000000000
000000000000
000000000000
000000000000
000000000000
000000000000
000000000000
000000000000
000000000000
000000000000
000000000000
000000000000
000000000000
000000000000
000000000000
000000000000
000000000000
000000000000
000000000000
000000000000
000000000000
000000000000
000000000000
000000000000
000000000000
000000000000
000000000000
000000000000
000000000000
000000000000
000000000000
000000000000
000000000000
000000000000
000000000000
000000000000
000000000000
000000000000
000000000000
000000000000
000000000000
000000000000
000000000000
000000000000
000000000000
000000000000
000000000000
000000000000
000000000000
000000000000
000000000000
000000000000
000000000000
000000000000
000000000000
000000000000
000000000000
000000000000
000000000000
000000000000
000000000000
000000000000
000000000000
000000000000
000000000000
000000000000
000000000000
000000000000
000000000000
000000000000
000000000000
000000000000
000000000000
000000000000
000000000000
000000000000
000000000000
000000000000
000000000000
000000000000
000000000000
000000000000
000000000000
000000000000
000000000000
000000000000
000000000000
000000000000
000000000000
000000000000
000000000000
000000000000
000000000000
000000000000
000000000000
000000000000
000000000000
000000000000
000000000000
000000000000
000000000000
000000000000
000000000000
000000000000
000000000000
000000000000
000000000000
000000000000
000000000000
000000000000
000000000000
000000000000
000000000000
000000000000
000000000000
000000000000
000000000000
000000000000
000000000000
000000000000
000000000000
000000000000
000000000000
000000000000
000000000000
000000000000
000000000000
000000000000
000000000000
000000000000
000000000000
000000000000
000000000000
000000000000
000000000000
000000000000
000000000000
000000000000
000000000000
000000000000
000000000000
000000000000
000000000000
000000000000
000000000000
000000000000
000000000000
000000000000
000000000000
000000000000
000000000000
000000000000
000000000000
000000000000
000000000000
000000000000
000000000000
000000000000
000000000000
000000000000
000000000000
000000000000
000000000000
000000000000
000000000000
000000000000
000000000000
000000000000
000000000000
000000000000
000000000000
000000000000
000000000000
000000000000
000000000000
000000000000
000000000000
000000000000
000000000000
000000000000
000000000000
000000000000
000000000000
000000000000
000000000000
000000000000
000000000000
000000000000
000000000000
000000000000
000000000000
000000000000
000000000000
000000000000
000000000000
000000000000
000000000000
000000000000
000000000000
000000000000
000000000000
000000000000
000000000000
000000000000
000000000000
000000000000
000000000000
000000000000
000000000000
000000000000
000000000000
000000000000
000000000000
000000000000
000000000000
000000000000
000000000000
000000000000
000000000000
000000000000
000000000000
000000000000
000000000000
000000000000
000000000000
000000000000
000000000000
000000000000
000000000000
000000000000
000000000000
000000000000
000000000000
000000000000
000000000000
000000000000
000000000000
000000000000
000000000000
000000000000
000000000000
000000000000
000000000000
000000000000
000000000000
000000000000
000000000000
000000000000
000000000000
000000000000
000000000000
000000000000
000000000000
000000000000
000000000000
000000000000
000000000000
000000000000
000000000000
000000000000
000000000000
000000000000
000000000000
000000000000
000000000000
000000000000
000000000000
000000000000
000000000000
000000000000
000000000000
000000000000
000000000000
000000000000
000000000000
000000000000
000000000000
000000000000
000000000000
000000000000
000000000000
000000000000
000000000000
000000000000
000000000000
000000000000
000000000000
000000000000
000000000000
000000000000
000000000000
000000000000
000000000000
000000000000
000000000000
000000000000
000000000000
000000000000
000000000000
000000000000
000000000000
000000000000
000000000000
000000000000
000000000000
000000000000
000000000000
000000000000
000000000000
000000000000
000000000000
000000000000
000000000000
000000000000
000000000000
000000000000
000000000000
000000000000
000000000000
000000000000
000000000000
000000000000
000000000000
000000000000
000000000000
000000000000
000000000000
000000000000
000000000000
000000000000
000000000000
000000000000
000000000000
000000000000
000000000000
000000000000
000000000000
000000000000
000000000000
000000000000
000000000000
000000000000
000000000000
000000000000
000000000000
000000000000
000000000000
000000000000
000000000000
000000000000
000000000000
000000000000
000000000000
000000000000
000000000000
000000000000
000000000000
000000000000
000000000000
000000000000
000000000000
000000000000
000000000000
000000000000
000000000000
000000000000
000000000000
000000000000
000000000000
000000000000
000000000000
000000000000
000000000000
000000000000
000000000000
000000000000
000000000000
000000000000
000000000000
000000000000
000000000000
000000000000
000000000000
000000000000
000000000000
000000000000
000000000000
000000000000
000000000000
000000000000
000000000000
000000000000
000000000000
000000000000
000000000000
000000000000
000000000000
000000000000
000000000000
000000000000
000000000000
000000000000
000000000000
000000000000
000000000000
000000000000
000000000000
000000000000
000000000000
000000000000
000000000000
000000000000
000000000000
000000000000
000000000000
000000000000
000000000000
000000000000
000000000000
000000000000
000000000000
000000000000
000000000000
000000000000
000000000000
000000000000
000000000000
000000000000
000000000000
000000000000
000000000000
000000000000
000000000000
000000000000
000000000000
000000000000
000000000000
000000000000
000000000000
000000000000
000000000000
000000000000
000000000000
000000000000
000000000000
000000000000
000000000000
000000000000
000000000000
000000000000
000000000000
000000000000
000000000000
000000000000
000000000000
000000000000
000000000000
000000000000
000000000000
000000000000
000000000000
000000000000
000000000000
000000000000
000000000000
000000000000
000000000000
000000000000
000000000000
000000000000
000000000000
000000000000
000000000000
000000000000
000000000000
000000000000
000000000000
000000000000
000000000000
000000000000
000000000000
000000000000
000000000000
000000000000
000000000000
000000000000
000000000000
000000000000
000000000000
000000000000
000000000000
000000000000
000000000000
000000000000
000000000000
000000000000
000000000000
000000000000
000000000000
000000000000
000000000000
000000000000
000000000000
000000000000
000000000000
000000000000
000000000000
000000000000
000000000000
000000000000
000000000000
000000000000
000000000000
000000000000
000000000000
000000000000
000000000000
000000000000
000000000000
000000000000
000000000000
000000000000
000000000000
000000000000
000000000000
000000000000
000000000000
000000000000
000000000000
000000000000
000000000000
000000000000
000000000000
000000000000
000000000000
000000000000
000000000000
000000000000
000000000000
000000000000
000000000000
000000000000
000000000000
000000000000
000000000000
000000000000
000000000000
000000000000
000000000000
000000000000
000000000000
000000000000
000000000000
000000000000
000000000000
000000000000
000000000000
000000000000
000000000000
000000000000
000000000000
000000000000
000000000000
000000000000
000000000000
000000000000
000000000000
000000000000
000000000000
000000000000
000000000000
000000000000
000000000000
000000000000
000000000000
000000000000
000000000000
000000000000
000000000000
000000000000
000000000000
000000000000
000000000000
000000000000
000000000000
000000000000
000000000000
000000000000
000000000000
000000000000
000000000000
000000000000
000000000000
000000000000
000000000000
000000000000
000000000000
000000000000
000000000000
000000000000
000000000000
000000000000
000000000000
000000000000
000000000000
000000000000
000000000000
000000000000
000000000000
000000000000
000000000000
000000000000
000000000000
000000000000
000000000000
000000000000
000000000000
000000000000
000000000000
000000000000
000000000000
000000000000
000000000000
000000000000
000000000000
000000000000
000000000000
000000000000
000000000000
000000000000
000000000000
000000000000
000000000000
000000000000
000000000000
000000000000
000000000000
000000000000
000000000000
000000000000
000000000000
000000000000
000000000000
000000000000
000000000000
000000000000
000000000000
000000000000
000000000000
000000000000
000000000000
000000000000
000000000000
000000000000
000000000000
000000000000
000000000000
000000000000
000000000000
000000000000
000000000000
000000000000
000000000000
000000000000
000000000000
000000000000
000000000000
000000000000
000000000000
000000000000
