011000011100
101001000100
010000000110
111010001001
111010101000
001111010000
101010000000
011000100110
101001000000
010001101111
110110000000
000001000100
000111101100
110000101111
010100110010
101000000101
011000100100
101001000100
010011011011
110001011011
001000111000
111101000111
111101000001
001000011001
110010110110
010001000100
101011111000
010110010100
101000010001
011000011101
100111011000
011000010101
101000010000
010110111011
101001111111
010101000100
101011110110
010011010101
101101010101
010010001010
101110001001
010001101111
101110001001
010010001100
101101010011
010011010111
101011110100
010101000101
101001111101
010110111100
101000001111
011000010110
100111011000
011000011101
101000010001
010110010010
101011111010
010001000001
110010111001
001000010110
111101000100
111101000100
001000111011
110001011001
010011011101
101001000011
011000100100
101000000101
010100110001
110000110010
000111101001
000001000111
110101111101
010001110001
101000111111
011000100110
101010000010
001111001101
111010101011
111010000110
010000001001
101001000011
011000011011
101100001010
001001111001
000010111011
110000110010
010111001010
100111111111
010001000001
111011110111
110101100010
010101011101
100111100010
010001110001
111100010100
110011110010
010110111100
101000101000
001100101110
000100010010
101100101000
011000100011
101111011001
111111010101
010001110001
100111011000
010000100100
000001111011
101100100110
011000001111
110011010100
111000001010
010110111101
101010100111
000011101000
010001000100
100111100011
001100000001
001010100000
100111101101
010000111111
000101100000
101000110100
010011010101
000010111110
101001011011
010011110011
000011001000
101001000010
010010100100
000101111100
100111111011
001111001011
001011001011
100111011001
001000101111
010001110100
101001100001
111110110101
010111011010
110000110100
110010101110
010111111001
111110010011
101001000010
001111000011
001110101001
101001000100
111101000001
011000011101
110111101100
101011000111
010000111111
001110010001
101001101110
111001010100
011000011100
111111100010
100111101001
000110011100
010110111101
110101000010
101010111000
001110000101
010011011001
110000000000
101101110001
010000111000
010001110100
101111000111
101101101111
001111111101
010011011011
110001111101
101010110110
001010111010
010110111110
111001100110
100111101000
000000011010
011000011100
000110101110
101001101111
110001101011
010000111101
010100111001
110111101110
100111100001
111100111110
010110111010
001110101011
110000111111
101001000001
000001101000
010111111000
001101010100
110000110110
101000100100
111110110001
010110011101
010001110110
110111010011
100111011001
110100110001
001111001001
011000000100
000101111111
101101011101
101001000001
111100110100
010011110001
010110100101
000011000001
101100101100
101000110011
111010011100
010000111101
011000010011
001010100010
110100000001
100111100011
101110111001
000011100101
010101010110
010110111110
000111111000
110011010110
100111110000
101100100100
111110000001
010000100001
011000100111
010001110110
000000110001
101111100000
100111011100
101100100010
111011100100
001100100110
010111010100
010111000000
001100010101
111100011101
101110010100
100111100011
101010011101
110101011010
000011111111
010000111011
010111111110
010111001110
001111010100
000011000100
110110001110
101100010000
100111100101
101000111111
101111101111
111001111101
000101001011
001111000110
010101111001
011000100110
010111000011
010001111000
001010001011
000001010001
111000011111
110000111001
101011010011
101000000111
100111011010
101000111111
101100011101
110001010001
110110111100
111100111011
000010110010
001000001110
001100111111
010000111011
010100000000
010110001111
010111101011
011000011100
011000101000
011000010111
010111110010
010111000000
010110000110
010101001010
010100010001
010011011101
010010110010
010010010010
010001111111
010001111000
010001111111
010010010100
010010110100
010011011111
010100010011
010101001100
010110001000
010111000001
010111110011
011000011000
011000101000
011000011011
010111101011
010110001101
010011111110
010000111001
001100111100
001000001011
000010101111
111100111000
110110111001
110001001111
101100011011
101000111110
100111011010
101000001000
101011010101
110000111011
111000100010
000001010100
001010001110
010001111010
010111000100
011000100110
010101111000
001111000100
000101001000
111001111010
101111101101
101000111110
100111100101
101100010001
110110010001
000011000111
001111010111
010111001111
010111111110
010000111001
000011111100
110101010111
101010011011
100111100100
101110010110
111100100000
001100010111
010111000001
010111010011
001100100100
111011100001
101100100000
100111011101
101111100010
000000110111
010001111010
011000100111
010000011011
111101110111
101100011110
100111110010
110011011110
001000000001
010111000010
010101010010
000011011100
101110110010
100111100100
110100001001
001010101011
011000010100
010000110111
111010010011
101000101111
101100110001
000011001010
010110101001
010011101100
111100101011
101000111101
101101100011
000110001000
011000000111
001111000001
110100101001
100111011001
110111011100
010001111100
010110011001
111110101000
101000100001
110000111110
001101011100
010111110110
000001011111
101000111101
110001000110
001110110011
010110110111
111100110101
100111100000
110111110111
010100111110
010000110111
110001100100
101001110011
000110110111
011000011011
000000010001
100111100111
111001101111
010111000010
001010110010
101010110001
110010000100
010011100001
001111110110
101101101001
101111010000
010001111100
010000101111
101101100110
110000001100
010011100011
001101111000
101010110000
110101010000
010111000011
000110001101
100111100110
111111110001
011000011011
111001000101
101001110100
001110011110
010000110100
101010111111
110111111010
011000011111
111100110010
101001001001
001110110101
001110110111
101000111100
111110100011
010111110110
110010100001
110001000000
010111011111
111110100101
101001100111
010001111110
001000100000
100111011001
001011011001
001110111111
100111111000
000110001011
010010011010
101000111100
000011010111
010011101010
101001010101
000011001101
010011001100
101000101110
000101101111
010000110100
100111101010
001010101110
001011110100
100111100100
010001001111
000011011001
101010101111
010111000011
110111111011
110011100001
011000001101
101100011100
000010001011
010000011001
100111011000
010001111110
111111000010
101111101001
011000100010
101100011010
000100100111
001100011100
101000101110
010111000100
110011011111
111100101001
010001100011
100111100100
010101101000
110101001110
111100001100
010000110010
101000000011
010111010010
110000100001
000011010001
001001100110
101100010111
011000011001
101000111011
010000011001
111001110001
111011000000
001110111101
101010001011
011000100110
101000110111
010010000001
110101101001
000001011101
000111010101
110001000010
010100100101
101000001010
011000100110
101000111011
010011101010
110001000111
001001001111
111100101110
111101011010
001000000010
110011001011
010000110010
101100000110
010110001010
101000010111
011000011011
100111010111
011000011001
101000001001
010111000100
101001110011
010101010001
101011100111
010011100101
101101000101
010010011011
101101111000
010010000001
101101111000
010010011101
101101000011
010011100110
101011100101
010101010011
101001110010
010111000101
101000001000
011000011010
100111010111
011000011010
101000011000
010110001000
101100001000
010000110000
110011001101
000111111111
111101011101
111100101011
001001010010
110001000101
010011101100
101000111010
011000100110
101000001011
010100100100
110001000101
000111010010
000001100000
110101100110
010010000011
101000110110
011000100110
101010001100
001110111010
111011000011
111001101110
010000011100
101000111010
011000011001
101100011000
001001100011
000011010100
110000011111
010111010011
101000000100
010000110000
111100001111
110101001100
010101101010
100111100101
010001100001
111100101100
110011011101
010111000101
101000101111
001100011001
000100101010
101100011001
011000100010
101111101011
111110111100
010010000011
100111011000
010000010010
000010010100
101100010111
011000001100
110011101000
110111110010
010111000111
101010110011
000011010000
010001010110
100111100101
001011101100
001010110110
100111101000
010000101110
000101111001
101000101011
010011000110
000011010111
101001010001
010011100101
000011100001
101000111000
010010010100
000110010100
100111110101
001110111000
001011100001
100111011010
001000011000
010010000101
101001101011
111110011100
010111100010
110001000111
110010011001
010111110100
111110101100
101000111000
001110110000
001110111101
101001001100
111100101000
011000100001
111000000011
101010111010
010000101110
001110100110
101001111000
111000111100
011000011010
111111111010
100111100101
000110000100
010111000111
110101011000
101010101011
001101110001
010011101000
110000010010
101101100000
010000100111
010010000101
101111011000
101101011110
001111101010
010011101010
110010010001
101010101001
001010100101
010111001000
111001111110
100111100100
000000000010
011000011010
000111000110
101001111001
110001010111
010000101100
010101000111
111000000101
100111011110
111100100101
010110110010
001111000000
110001010010
101000110111
000001010000
010111110011
001101101001
110001001001
101000011100
111110011001
010110010011
010010000111
110111101010
100111011010
110100011011
001110110110
011000001010
000110010111
101101101101
101000110111
111100011011
010011100011
010110101111
000011011010
101100111011
101000101010
111010000011
010000101100
011000010111
001010111001
110100010110
100111100101
101110100111
000011001100
010101001010
010111001000
001000010000
110011101011
100111110100
101100010101
111101101000
010000010000
011000100111
010010000111
000001001001
101111110010
100111011110
101100010011
111011001100
001100010001
010111001101
010111001001
001100101010
111100110110
101110100100
100111100110
101010010000
110101000011
000011100111
010000101010
010111111001
010111010110
001111101000
000011011101
110110100101
101100011110
100111100111
101000110110
101111011100
111001100101
000100110011
001110110011
010101101111
011000100101
010111001101
010010001001
001010100001
000001101001
111000110110
110001001100
101011100000
101000001101
100111011000
101000110110
101100001101
110000111101
110110100100
111100100010
000010011001
000111110111
001100101010
010000101010
010011110010
010110000101
010111100101
011000011001
011000101001
011000011100
010111111001
010111001001
010110010010
010101010111
010100011111
010011101100
010011000011
010010100011
010010010000
010010001001
010010010000
010010100101
010011000101
010011101110
010100100001
010101011001
010110010011
010111001010
010111111010
011000011100
011000101001
011000011001
010111100100
010110000011
010011110001
010000100111
001100100111
000111110100
000010010110
111100011111
110110100001
110000111010
101100001011
101000110101
100111011000
101000001110
101011100010
110001001110
111000111001
000001101100
001010100100
010010001011
010111001110
011000100101
010101101101
001110110001
000100110000
111001100010
101111011010
101000110101
100111100111
101100100000
110110100111
000011100000
001111101010
010111011000
010111111001
010000100111
000011100100
110101000000
101010001111
100111100110
101110100111
111100111001
001100101101
010111001010
010111001100
001100001111
111011001001
101100010001
100111011110
101111110100
000001001111
010010001011
011000100111
010000001000
111101011111
101100010000
100111110111
110011110100
001000011000
010111001010
010101000101
000011000011
101110100001
100111101000
110100011111
001011000001
011000010111
010000100100
111001111011
101000101000
101101000001
000011100011
010110110010
010011011100
111100010010
101000110101
101101110100
000110100000
011000001011
001110101101
110100010011
100111011011
110111110011
010010001101
010110001110
111110010000
101000011010
110001010010
001101110000
010111101111
000001000111
101000110101
110001011010
001111000110
010110101101
111100011100
100111011110
111000001111
010101001011
010000100100
110001010000
101001111110
000111001110
011000010111
111111111000
100111100100
111010000111
010111001010
001010011100
101010100110
110010011001
010011101111
001111100010
101101011001
101111100010
010010001101
010000011101
101101010111
110000011111
010011110001
001101100100
101010100100
110101100110
010111001011
000101110101
100111100011
000000001010
011000010111
111000101110
101010000000
001110110010
010000100010
101010110011
111000010001
011000100001
111100011001
101001010011
001111001001
001110100011
101000110100
111110111011
010111101111
110010001100
110001010100
010111100110
111110001101
101001110010
010010001111
001000001001
100111011011
001011101111
001110101011
100111110011
000110100011
010010001001
101000110100
000011110000
010011011011
101001001100
000011100110
010010111100
101000100111
000110000111
010000100010
100111100111
001011000100
001011011110
100111101000
010001100000
000011000000
101010111100
010111001011
110111100100
110011110110
011000001000
101100001110
000010100011
010000000110
100111011010
010010001111
111110101010
101111111100
011000011111
101100001100
000100111111
001100000110
101000110111
010111001100
110011001011
111101000010
010001010001
100111101000
010101110100
110100111001
111100100101
010000100000
101000001010
010111011001
110000001110
000011101001
001001001111
101100100110
011000010101
101000110011
010000101011
111001011001
111011011000
001110101001
101010010111
011000100011
101000101111
010010010001
110101010011
000001110110
000110111101
110001010110
010100010111
101000010001
011000100111
101000110011
010011111001
110000110100
001001100110
111100010110
111101110010
000111101011
110011100000
010000100000
101100010101
010101111110
101000011110
011000010111
100111010111
011000011100
101000000100
010111001100
101001101001
010101011101
101011011010
010011110011
101100110101
010010101011
101101100111
010010010001
101101100111
010010101101
101100110011
010011110101
101011011000
010101011110
101001100111
010111001101
101000000011
011000011101
100111010111
011000010110
101000011111
010101111101
101100010111
010000011110
110011100011
000111101000
111101110101
111100010011
001001101001
110000110001
010011111010
101000110010
011000100111
101000010010
010100010110
110001011001
000110111010
000001111001
110101010000
010010010011
101000101110
011000100011
101010011000
001110100110
111011011011
111001010110
010000101101
101000110010
011000010101
101100101000
001001001100
000011101100
110000001100
010111011011
101000001010
010000011110
111100101000
110100110110
010101110101
100111101001
010001001111
111101000101
110011001000
010111001101
101000111000
001100000100
000101000010
101100001010
011000011111
101111111110
111110100011
010010010011
100111011010
001111111111
000010101100
101100001000
011000000110
110011111110
110111011011
010111001111
101011000000
000010110111
010001100111
100111101001
001011010110
001011001100
100111100101
010000011011
000110010000
101000100011
010010110110
000011101111
101001001000
010011010101
000011111001
101000110000
010010000011
000110101100
100111110001
001110100100
001011110111
100111011100
001000000000
010010010101
101001110110
111110000011
010111101001
110001011011
110010000100
010111101101
111111000101
101000110000
001110011100
001111010000
101001010110
111100010000
011000100011
111000011010
101010101110
010000011011
001110111001
101010000011
111000100101
011000010110
000000010011
100111100010
000101101100
010111001111
110101101110
101010011111
001101011100
010011110111
110000100110
101101010000
010000010100
010010010101
101111101011
101101001110
001111010111
010011111001
110010100101
101010011101
001010001110
010111010000
111010010110
100111100001
111111101001
011000010110
000111011101
101010000101
110001000011
010000011001
010101010011
111000011101
100111011100
111100001101
010110101000
001111010011
110001100110
101000101111
000000110111
010111101100
001101111101
110001011110
101000010101
111110000000
010110001000
010010010111
111000000001
100111011100
110100000101
001110100010
011000001111
000110101111
101101111110
101000101111
111100000011
010011010100
010110111000
000011110010
101101001011
101000100010
111001101100
010000011001
011000011010
001011001111
110100101100
100111101001
101110010110
000010110100
010100111101
010111010000
001000100111
110100000001
100111111001
101100000110
111101001111
001111111101
011000100101
010010010111
000001100010
110000000101
100111100001
101100000100
111010110100
001011111100
010111000100
010111010001
001100111111
111101001110
101110110110
100111101010
101010000101
110100101101
000011001110
010000010111
010111110011
010111011110
001111111011
000011110101
110110111100
101100101101
100111101011
101000101110
101111001010
111001001101
000100011011
001110011111
010101100011
011000100011
010111010100
010010011010
001010111000
000010000010
111001001110
110001100000
101011101110
101000010100
100111010111
101000101110
101011111111
110000101010
110110001110
111100001010
000010000001
000111011111
001100010101
010000010111
010011100011
010101111001
010111011110
011000010101
011000101000
011000011110
010111111111
010111010001
010110011100
010101100011
010100101101
010011111011
010011010010
010010110011
010010100000
010010011010
010010100000
010010110101
010011010100
010011111101
010100101110
010101100101
010110011101
010111010010
011000000000
011000011111
011000101000
011000010101
010111011101
010101111000
010011100001
010000010101
001100010010
000111011100
000001111101
111100000111
110110001011
110000100111
101011111101
101000101101
100111010111
101000010100
101011110000
110001100010
111001010001
000010000101
001010111010
010010011100
010111010110
011000100011
010101100001
001110011101
000100011000
111001001010
101111001000
101000101101
100111101011
101100101111
110110111110
000011111000
001111111101
010111011111
010111110010
010000010101
000011001011
110100101010
101010000100
100111101010
101110111000
111101010001
001101000010
010111010010
010111000011
001011111001
111010110001
101100000010
100111100001
110000000111
000001101000
010010011100
011000100101
001111110110
111101000110
101100000000
100111111011
110100001000
001000110000
010111010011
010100111001
000010101011
101110001111
100111101010
110100110100
001011010111
011000011100
010000010011
111001100011
101000011111
101101010000
000011111011
010110111100
010011001110
111011111010
101000101100
101110000100
000110111000
011000010001
001110011010
110011111101
100111011100
111000001010
010010011110
010110000100
111101110111
101000010010
110001100101
001110000101
010111101010
000000101110
101000101100
110001101101
001111011010
010110100101
111100000100
100111011011
111000100110
010101011000
010000010011
110000111100
101010001000
000111100110
011000010101
111111100000
100111100000
111010011111
010111010011
001010000110
101010011000
110010101101
010011111111
001111010000
101101001000
101111110100
010010011110
010000001011
101101000110
110000110001
010100000001
001101010000
101010010111
110101111100
010111010101
000101011101
100111011111
000000100010
011000010101
111000010110
101010001010
001111000110
010000010000
101010100101
111000101000
011000100101
111100000001
101001011011
001111011101
001110010000
101000101010
111111010100
010111101001
110001110111
110001100111
010111101110
111101110100
101001111100
010010100000
000111110010
100111011100
001100000101
001110011000
100111101101
000110111011
010001111001
101000101010
000100001000
010011001100
101001000001
000011111110
010010101101
101000011110
000110011111
010000010000
100111100010
001011011010
001011001000
100111101010
010001110010
000010101000
101011001000
010111010101
110111001100
110100001011
011000000100
101011111110
000010111100
001111110100
100111011010
010010100000
111110010001
110000001111
011000011100
101011111110
000101010111
001011110001
101001000000
010111010100
110010110110
111101011010
010000111111
100111101100
010101111111
110100100011
111100111101
010000001101
101000010000
010111100001
101111111100
000100000001
001000111000
101100110110
011000010001
101000101011
010000111101
111001000001
111011110000
001110010101
101010100011
011000100001
101000100111
010010100001
110100111101
000010001110
000110100101
110001101010
010100001001
101000011000
011000101000
101000101011
010100000111
110000100000
001001111100
111011111110
111110001011
000111010011
110011110110
010000001101
101100100100
010101110011
101000100110
011000010011
100111011000
011000011111
100111111110
010111010100
101001011111
010101101001
101011001100
010100000001
101100100110
010010111010
101101010111
011111111111
000100100011
100101110101
001101111011
000000001001
011111111111
000010101000
110011101001
110011011101
111001010100
110011011000
110001000110
111001101100
111101100011
010011000000
000100010110
101011010000
010110101111
100010000011
000100000111
101010010101
011000100010
000110011011
111101100111
110101001101
111011011011
010011000000
000010000001
111001100010
011111111010
000101111000
111101100111
111101111110
101001101011
010011001111
101100110100
101111110010
001011100101
111000111001
000011100011
001110010001
000010001000
001000110111
001110011000
110100001010
111100101111
111101011100
101111000001
101111101100
010100011100
110111111011
100000000000
001011001000
010110000100
000111111101
000000110010
111001111110
110101110000
000011110000
110100000110
001010001011
010101010011
001000100101
111010010100
110100101111
001000100111
000110010110
010111111110
001101100111
111010011000
010011010001
110111011100
110110011111
100000001101
111001011000
100000000000
111010010110
110100110011
011111111111
111001011000
111000110010
000001100110
110101101110
001010010001
001101010101
000111101010
111001001000
000000110010
000101011000
001010111111
110000011010
110010000111
010111000010
110111000001
011001000100
001110111010
001000011000
001000000100
101111010000
110011110000
010101101100
100000000000
001111110100
001111111000
100101011011
110100000101
110101010100
000100000011
111010011000
010110001101
110011100100
000001100110
111111010101
100011111100
011100010110
001101111101
000100011110
001011101010
001001100101
001001000000
110110110101
110010011111
000110000100
111111101100
111110010110
101111110011
111101000000
001111110000
010010100000
111110001000
110100111001
000010001111
111010111100
110111010111
100101101101
000001110011
010010011110
001100101110
101100111110
000101101100
111001100011
010100110100
100001001110
011111110000
100010000100
000101011110
111001111100
000011000100
110000011110
011011100110
011000000111
010110100001
000100110000
100000000000
111011100101
111101101100
011111111111
100010010001
111001100110
011111000100
111110111100
111111100010
110001000011
110111100011
000100101011
001100011000
100001011000
110111111011
110101110111
111001110010
100110111001
011111111111
001000011000
010001101110
001001010110
010001000010
111000110100
010011011110
111101100111
010011011010
110011010000
100100111001
010000001111
111100001010
110001001001
101000111010
001101111000
100111000001
101110111110
111000000110
101110111110
011110111111
001101101001
000110110000
001101110010
010100111110
111111011100
110110100011
010100000100
000001000000
001100010111
001010100110
100000000010
101011101110
110000110110
001111100101
110000000101
001001101101
000100100111
110011010111
000101011011
001101001000
111001011100
101101010110
111001001001
001001011001
001101110010
101111111101
010000010011
000011101111
000001110010
111111101011
000110010010
001011001111
001011000101
110101110000
110100101000
000110001001
000110111011
110000000110
110000001010
111010100110
111001101111
101111111111
011111111111
011001100001
110011110011
011101101011
111000101001
111011001101
110001001011
111010001111
101011001101
111110110101
000010001110
100000100110
111110010000
010101010100
000001110101
000011000101
010110001111
010000111000
111110101001
110101100011
111010100111
010100010100
010101011001
100000000000
011001111100
110111010111
111011010111
000111011110
111001010111
101100000000
001101100010
011111111111
100010001000
101100101110
111110101110
111111001000
110111101111
001010101111
001100010011
100100110010
000101111011
011100010000
100001101110
000101111001
001101100011
101111000010
110000000001
111110111010
010011000000
011010011110
110110010010
001011111011
011001010000
000111110010
111101101010
000101100000
110010100001
111000111000
110100000110
111001101110
000101010010
000001111000
110011011000
100011100100
111010111000
100100101010
011110001111
100000100110
000000001111
000110000101
001001010001
001101000011
011110000010
000001111000
111110010001
010110100101
001101110001
000110010001
110011101101
000000010101
111001100101
101001100100
110100110010
000001011001
111010100001
111111010110
000101000100
000011010010
111010010010
110001000010
111111111000
000101000010
101111000111
010000100100
110111100100
101111110000
010011111100
111100010110
001101111010
110100001001
001101011111
111100011010
011001101110
011111111111
101000111110
000110010110
110011110111
110100000111
111101011100
000101111000
110011010001
010111011010
111001111000
100001110101
111111110001
110000111111
000111011001
001001110000
110101010011
111011101100
000001000000
001100010110
110010011100
001101100011
001001101100
001111101001
111010111101
000011100000
111101100000
010011101000
111110110110
001011010000
100111001100
000000011001
000001011000
000001110010
001100010110
110001010111
100001110101
110000111111
100000101100
011111111111
111000010111
111010010111
111010111011
011011011111
011110000010
001000111001
011000101000
100111000110
101101111011
111111000000
110000111001
011001011001
010101111011
100010010110
110000110111
000111011001
111101101111
100100000101
011111111111
001111000000
010001111100
110101010000
100011101011
100110100111
101110110010
001111000100
110101101111
001111011101
000011001100
011000100011
001010110001
000001010000
001011001110
101100000000
110010001001
011101010000
000110001101
001100001001
101101011010
101000010011
111110111001
000011100010
111110101000
110001110011
111000110110
010110111110
101000111110
000100110001
111100011110
001000000101
110111100110
111010111010
010100000000
000001011110
001001000101
000011100011
000010111010
001000101111
011110110101
001010011110
100000101001
100001110100
100110100010
011011000000
011111001001
000111010011
100001111000
100110001100
110100111111
110011010100
000101001111
000000000100
000101011110
011101100011
111001010000
110100101111
000001110101
011111111111
001010101011
001000011110
000001001000
101011010111
101001100110
101100000010
011000110000
110010100101
010010110101
001100100110
101101000000
001000000000
010100100111
101100100001
101011000010
101101110110
001101111101
111011101110
110110101001
000110100010
010101111110
111110011011
111011010111
111110011110
001011001001
101101010110
111100110110
110101011010
010011001101
101100100010
001100010000
011111111111
110111110100
001010000101
001011011000
111010101010
111011101100
111011101110
111100011001
111011011000
101001111001
000100001010
011101110110
100000000000
000001000100
000110101000
000001010001
000101100111
110001011000
001110100110
101110101110
110000101011
111100010001
001000111011
110010000110
011101100000
111100011100
111010100100
011111111111
000100101101
100101011010
001101111000
000000001011
011111111111
000010110000
110011011010
110011010100
111001011010
110011011001
110001001111
111001100010
111110000010
010011011111
000100001110
101010110001
010110111000
100001101111
000011100111
101010011101
011000100000
000110100010
111101011000
110101101110
111011010110
010011011111
000001100001
111001110101
011111111000
000101101100
111101011110
000111101000
111011100000
100010101101
101100011000
111010110011
111010011100
011011001100
111101101000
011011110101
101010001110
010100000011
110001110001
011110110010
100010010100
101111101001
001110110001
010011000110
111111010101
111100001000
110100101000
000000100110
111001000011
111001111101
000100010101
101101100001
001101101011
111011010000
111001010011
001000100001
010001110101
001111100100
101011101110
111001100000
010000010100
000000110110
000100011100
111011110110
000110111011
100000101001
101001110010
000100111111
111110010000
010111000011
011111110111
000011011001
000110010000
111100011101
101100101001
010010011111
110000011100
101110010000
101100001011
000000101001
011100000000
101101000100
110000001110
001111110111
001001111011
111100110111
000001010110
101000101111
111001000111
010010100111
010001100110
001011010010
011101000111
101001011110
010110011100
100001110001
001011010100
001110101001
101101101010
000011101110
111110011100
000010100000
101110101101
101011000011
001100111010
110101100001
111000100101
001111101010
000000001000
000010111111
000010010001
110011011010
010110010111
100111111001
110100110101
111101011001
011111100111
110101111000
010001001110
000101010001
110001111011
111011000100
111101110011
000011110010
001100100011
001011010100
011000001001
110101000100
100010000001
100000000000
111001100001
010000011000
101010101111
000000110000
011010001011
000101101111
111111101110
110111010001
110110110110
000110111000
111001011100
001011110000
111011010100
001101111111
110111101001
110010000110
000010111111
101110011010
010100100101
001111101101
000111100110
001000101101
001001100001
110010000111
000010101110
111001110111
101010011011
010101010101
111110101110
110000100011
010011000100
110001000001
000110101110
101100100001
101110111111
001000011000
001111100101
110101101100
000001100010
111001111101
011001101001
111110011010
101010000110
001110001110
000001000111
111100101101
010000001100
111000010101
111001111000
100001001011
010110011000
000001110101
011111001011
111111111101
110011111000
111111000101
001110011010
111000001001
010001001111
100011111100
001000001010
010100000001
110101111010
100111100110
111110011001
000001010100
101010111000
000111101000
110000100111
100101011000
001010110111
001111000001
010100111101
001110000111
011101110111
110010100000
000001101001
110001001011
111011011110
111100000100
000111000101
010110111011
100010100011
000110001011
101110110101
100111111000
010101100111
010001101111
110001011011
001111000011
111001011000
000110000110
111110010110
010110011101
010011000101
100000001101
000100111101
110000111100
110001001111
001111101101
110100111101
111001110001
001011010010
001011010010
111111111001
110100001000
100111001001
010001011110
111110011110
110100101101
000001001100
011011010101
011110100000
110000111010
001101001000
111000001100
110111011010
010101011101
110101101000
110110100001
010101000011
110010001110
110010100000
110101100010
110100101011
111100111101
110000100010
010111111011
101110111111
111101001110
000000011010
111101010100
011111111111
110110010011
010101100001
100001110001
111011110010
111100111011
000110101000
001010000101
010011110110
111001101101
111000000100
101101010011
000011101010
100100111010
000011111110
001110001100
111100011011
010100110010
101001100101
110000010100
011010001111
001010010011
010101000011
000011111111
000001001001
001101001000
111010110111
100000110000
001001010010
101110110010
100111110011
000100111010
100000000110
001110101010
000010100111
111110101001
000111011011
000010101111
001111111110
010001011001
101001010110
011111111101
000100111010
001101101000
110110000101
110011001111
111110000011
001111110110
100111110011
110100010100
011111111111
000101001000
100000001000
110011101011
110100000010
101010001100
111100111111
110101001001
011011000100
000101110110
000010111111
110100110011
111011100100
110000011000
011010111010
001111011101
000101101010
001101000010
000100110001
001100000101
100011110000
001010011001
110101100001
001110000001
100011011101
110100010101
010111011000
000011010110
111011001001
001001111100
001011011100
101100001000
101011010011
110010100010
010111010000
111000001111
111100101100
111011100100
111111010011
001101101011
110111010111
000111001000
011011011010
010101011101
110110011001
100000000000
111011010100
000100011001
000001001100
110001111001
000010101100
001011010101
000011000000
011101000111
110001101110
101101011001
111000101110
001011100100
000000000000
110101110011
100010100011
011100100100
011010001000
000001100110
001110011001
100010101110
101111110111
010000000100
110100111101
001001111011
111100111111
110110010000
111101101000
001010011100
110111101111
110110100001
010110000000
010010101111
010011100110
100110011011
001100101111
110111010111
100000111010
110100110001
000110001000
111001100011
101110111101
011110110010
111111000010
011111011101
001011111011
011101101011
100100101000
011000010100
000000111101
100101001000
100101010100
100000000000
110101010100
001110000101
001010111100
001111011010
010011000000
111100110111
100000111100
111010111111
000000101000
011110001011
000000011110
000101101001
101001110000
010010011101
001010001111
000011000111
111000001110
001000100100
111111001000
100110110000
111011011100
110101010000
001001111000
110110111101
100111000000
001111100100
111110101010
111001011000
011111111111
001001100111
000001110001
001011011001
111100000110
000110100111
101111100100
010101111101
000111010100
001001010110
100000001110
111100111000
000000110011
101100010011
111110100010
101101011001
100000000000
010000010111
000001101010
001010011011
001001100111
011011111101
111100010011
000111110010
011101010000
000100100101
011101011101
101110111100
100000000000
011111101110
000011001110
100000000000
111110011001
000011010111
111000000111
110100111101
000101110111
100111000101
000010001100
011101011100
111111110000
111011000011
000001001011
011111111111
000111111110
001010001101
100001011111
100100001010
001101111011
111101111000
001010010101
111100101110
111000111110
000111000011
110111111011
000100100100
110111100101
001001111111
000000010010
111010001100
001000011000
110101001101
001000110101
001111000101
111100000111
100000000000
111100001001
111101110000
011111111111
110100111011
111011111100
110010101000
001111101111
100000011100
000100110111
001011111001
111110011111
111011011010
010001101000
100111001010
000100010101
001110011100
001010101010
001110101010
000000101000
110110011110
101010010011
101010110011
111111000101
111001011000
001101110110
000011010010
000011001001
111110111010
010101101100
111010110000
010110011011
001101001110
110011011110
101001011101
001010010000
000111010110
111011011100
100010111001
101100011010
111010111101
111010011001
011011101011
111101011100
011011101000
101010010011
010100001011
110010000000
011110100100
100010000111
101111011111
001110111001
010011001111
111111011110
111100001001
110100111000
000000001000
111001000100
111001111000
000100100111
101101011111
001101011101
111011001111
111001010100
001000101100
010010000110
001111010001
101011111111
110100001011
101010000011
000000111100
111001111101
001000110001
010101010110
000111111010
101111011111
110001011010
000000110111
000100101001
010101010110
000010001001
000101111010
110001101111
000101011110
111110100110
111000101001
000100100111
000110011001
111000010110
110100010110
011001000110
001010101011
111101110010
110000101111
010100000100
100000010001
001001111011
110100011010
111110000100
000111111111
000111100000
110010101101
111011100011
111010101000
101101111011
110000111110
110110110101
111110010010
010011011100
011111111111
000111111011
011110111100
000001111101
100000000000
110101100010
001101001010
001110100011
110001101110
100111111101
111111110010
011001000010
101101100100
110011101100
110010010111
101011111110
111000001011
000000001001
000001111001
001000011101
010001110011
110100110001
110111001000
011010011101
111011001110
001111111100
001110100110
100001111110
010010010110
101101100111
011111100101
110101100011
110011111001
000100111001
001000100011
010000101111
101110101011
111011001001
001000001001
101010011100
101111110100
011111110101
111111101001
110000110011
100000111011
111001111001
111100011100
001110110011
101101010110
000000000010
000001100011
111001110000
111100100010
010011110000
001101101100
110100101001
011110011010
000101100001
111010010011
011111111111
111011000010
100000000000
000100011111
100110000010
111101000000
001101000000
110101001001
001000010111
010011100001
111001101010
110010111011
101001001011
001111000001
000010101011
010001110001
000111000000
111100001001
101101001010
101110100010
111101001001
100110110110
111110110101
000001101011
011001001000
010100011011
000011101111
011111111111
010000011100
111001011101
111010101011
101010111011
001000010010
110000110000
110010110100
100000111010
011111010100
110110110111
111000100100
111011110111
101111011000
001111010001
010100011111
001111011011
001101010111
010011001101
110011010010
100010011101
011001100000
001000000110
110010100100
100110001100
100110000110
111010111110
001010010011
110101101000
111011111011
011000011101
001011010000
011000011001
000011011010
000101100011
100100001100
011001010111
110101100101
110000000011
101111001100
000111010011
000111111000
000010111010
110001011011
000100101100
001011101111
001100101111
010011111000
110011010011
001101010100
101000101100
110010100110
110111111101
001111101000
000101000101
111010110001
000111110011
100011111011
110100000111
001100101100
111100001001
000110010110
100110100100
011000100011
101010100100
000100011101
001111111011
011010100110
101100011001
010010010011
000011110111
111101111010
111000101000
000000111110
011110000100
110011100000
111111011011
001110111110
001010111101
001110111100
100000000000
101110010100
110001111011
110011000100
110011000001
001010101111
101111000110
111011110001
110111000100
000001011011
011100100001
001101011001
010001010100
010000011110
100111101010
011101100011
100110000110
000100101101
010010000011
001101010101
100000000000
001110001110
001100010101
001101111100
100010011011
111000110100
001100110111
100101100101
111111110001
100010110001
111111110011
001010010110
000100100011
011110100000
111001101000
011111111111
110100101011
101111000011
100100110111
010111011101
100000000000
110100100100
000100011001
111010111001
011111111111
000110011000
100100101100
011000000111
000000101001
011011001000
001001111001
110001111111
100000000000
000111111111
111111100011
100000000000
001011111000
011000101011
001111110100
001011000110
010001111110
000101000001
000101011111
101100110100
110001010101
101100110001
110101111101
100000001101
011111111111
110010001111
001001011000
111110101010
110010011111
010111000100
111011100000
001001011011
010011001110
110111101100
001100011010
000010010110
100100000100
001110110000
111011111010
101101001111
000001011001
000101000001
111111010101
000111100011
111000011011
111000010110
111111110010
011110010101
010010010101
011100111110
111011001000
101001101111
101011010111
101000001001
110111101011
001100100101
110000111010
001001110100
100001100110
010100010010
110000101111
110111010100
001011110011
111011100001
011000100011
001010101101
110000010100
011000011110
001101010111
001110011101
111110011100
001100000010
111110110010
010001001000
100100001000
110110011001
110011010100
110010111101
101100111111
110011011100
110010110111
010100000000
010101111000
011010000111
111111001011
111011001011
100010000010
110010110010
101011110110
000011101000
011001000011
011000001001
000000010100
001010001010
001011101100
000011101111
110000110111
110011010100
111011111010
001100110100
101101110101
111011101001
111101101011
000111010001
010011111100
001101010000
011101110011
110010111000
101000010110
101010000010
110011111000
111010110100
111100101110
001001001100
000101000110
111010101001
001101110011
111011111000
101110000100
110011111111
001011000001
001011110101
111010111101
010010001111
110111110100
010011101011
111010110101
000000100000
000100110110
111000100001
111101110000
110110000100
110101101111
001111111111
001010110111
000101100110
000111010110
000010010100
111110100101
111101001010
000000100011
100111111000
000011100110
101011010111
100001000111
111101001000
001010101011
000111000111
011111111111
111001011010
001001000100
101000000101
000011011100
000000100001
011000000110
011111111111
