011111111111
000011110111
100111101111
001110000100
000000000000
011111111111
000010000111
110100110000
110100000011
111000111110
110011010110
110000100010
111010011000
111011011011
010000111000
000100111011
101101010111
010110001001
100011100001
000110010101
101001110110
011000100111
000101111110
111110100110
110010111111
111011110010
010000111000
000100001110
111000010001
011111111111
000110101011
111110001111
111110100110
101000110011
010011101100
101011100111
101110011011
001011111101
111010011000
000011001010
001110011010
000100001110
001001001001
001101010111
110010101001
111101001100
111101111001
101111001000
101110000100
010011101100
111001101011
100000000001
001101010111
010110100000
000110010101
111110100110
111001101011
110111100100
000010110100
110011010110
001010100011
010011101100
001001110110
111011000101
110100110000
001001110110
000110010101
010101110011
001101101101
111011110010
010011010101
110111001101
110111100100
100000000001
111000111110
100000000001
111011000101
110100110000
011111111111
111001010100
111000010001
000011110111
110101000110
001011010000
001110110001
000110010101
111000100111
111111010011
000100111011
001010001100
101111110101
110010101001
010111111010
111000010001
011010000001
010001001110
000110010101
000111000010
101110011011
110100000011
010101000110
100000000001
001111011110
010000001011
100101010010
110010101001
110100110000
000110010101
111001101011
010111111010
110010111111
000001110000
000000000000
100010011110
011011110001
001100101010
000101101000
001011111101
001010001100
001000011100
110110110111
110001111100
000100111011
111111101001
111110100110
110000001011
111100011111
010001001110
010010111111
111100011111
110101011101
000010110100
111011000101
111000100111
100100111011
000000000000
010010111111
001100101010
101100010100
000110010101
111000111110
010111001101
100000101101
011111101001
100001000100
000110010101
111001101011
000100100100
101111011110
011010101110
010110100000
010111001101
000010011101
100000000001
111101111001
000000000000
011111111111
100000000001
111000111110
011111111111
111100110101
111111101001
110001001111
111001010100
000100111011
001101010111
100000000001
111000010001
110110110111
111010011000
101001001001
011111111111
000111000010
001111110100
001010001100
010001100101
110111111010
010001001110
111100011111
010100011001
110011010110
100101111111
010000100001
111100011111
110010101001
101000110011
001100101010
100110101100
101110011011
111000100111
101110011011
011110111100
001110011010
000101111110
001110110001
010101000110
000000000000
110110001010
010010111111
000010000111
001101000000
001011100110
100000000001
101011100111
101110011011
010000100001
101110011011
001001110110
000101111110
110100110000
000100100100
001110000100
111000100111
101111001000
110111100100
001001001001
001111000111
101110011011
010000001011
000010000111
000001011010
000000000000
000110010101
001011100110
001011111101
110011010110
110101110011
000111000010
000111011000
110001100101
101111001000
111011011011
111001101011
110001001111
011111111111
011011000100
110011010110
011100110101
111001101011
111001101011
101111110101
111010011000
101010111010
111101001100
000010110100
100000000001
111110100110
010101110011
000010000111
000011110111
010100011001
010000111000
000000000000
110011010110
111011110010
010101110011
010101110011
100000000001
011011000100
110111100100
111011110010
001000110010
111000010001
101001100000
001110000100
011111111111
100010011110
101110011011
111101111001
111101111001
110111100100
001011010000
001011100110
100100111011
000101101000
011100001000
100010110100
000110101011
001101101101
101111001000
101111011110
000000101101
010010010010
011001010100
110101011101
001010100011
011000111101
000111011000
111110100110
000110010101
110011010110
111001101011
110100000011
111000010001
000111000010
000001110000
110101110011
100001000100
111011000101
100101111111
011100001000
100001110001
000000000000
000100001110
001001001001
001100101010
011111111111
000010011101
111101001100
010101110011
001110000100
000101101000
110100110000
111101111001
111001101011
101010001101
110111001101
000001011010
111010011000
000000000000
000100001110
000011100001
111011011011
101111110101
000001000011
000100111011
101110011011
001111110100
111000111110
101110011011
010100000010
111100110101
001101010111
110101011101
001101101101
111100001000
011001101010
011111111111
101010100011
000100111011
110001111100
110010101001
111100110101
000101101000
110100000011
011010000001
111001010100
100100001110
111101111001
101111110101
000100111011
001100010011
110110110111
111010011000
000010011101
001101010111
110001001111
001101000000
001001110110
001110000100
111001101011
000010000111
000000000000
010101000110
111101001100
001011010000
100110010101
000000010110
000000101101
000001011010
001101101101
110000100010
100011111000
110010101001
100000000001
011111111111
110111100100
111010011000
111011000101
011010010111
011111111111
001000000101
011001010100
100111000010
101101101110
111110100110
110000100010
011000010000
010111001101
100010011110
110000100010
001000011100
111100011111
100101010010
011111111111
010000111000
010100011001
110010101001
100010011110
100110101100
101111001000
001111011110
110110001010
010000111000
000001011010
010110100000
001000011100
000000101101
001011111101
101011010000
110011010110
011011011011
001000011100
001110110001
101111110101
101000000110
000000000000
000011001010
111101001100
110001100101
111000111110
010101110011
101000000110
000010110100
111010011000
001001001001
110110100000
111010101110
010011101100
000011110111
001001011111
000101101000
000011110111
001000011100
011111101001
001010100011
100000000001
100001110001
100011111000
011100001000
011110111100
000111101111
100000000001
100101111111
110110001010
110010010010
000100111011
000010000111
000100100100
011111111111
111000111110
110100110000
000001011010
011111111111
001101010111
001001001001
111110111100
101011100111
101000110011
101100101010
010111111010
110011101100
010001100101
001011111101
101110000100
001000011100
010110100000
101010111010
101010100011
101110011011
001110110001
111100011111
110110100000
000100001110
010110110110
111100011111
111100001000
111101111001
001011010000
101110000100
111101001100
110110100000
010011101100
101101000001
001101000000
011111111111
110110110111
001001011111
001011010000
111011000101
111011011011
111011000101
111101001100
111011000101
101001110110
000110010101
011100011110
100000000001
000000000000
000111000010
000000101101
000110010101
110001111100
010000001011
101110011011
110000111000
111100011111
000110010101
110001111100
011100001000
111100011111
111101001100
011111111111
000011110111
100111101111
001110000100
000000000000
011111111111
000010000111
110100110000
110100000011
111000111110
110011010110
110000100010
111010011000
111011011011
010000111000
000100111011
101101010111
010110001001
100011100001
000110010101
101001110110
011000100111
000101111110
111110100110
110010111111
111011110010
010000111000
000100001110
111000010001
011111111111
000110101011
111110001111
001001001001
111011110010
100001110001
101100010100
111010000001
111010101110
011000100111
111110100110
011100110101
101001110110
010011010101
110000100010
011111111111
100011100001
110000100010
001110000100
010010010010
111110100110
111100001000
110011010110
000011001010
111000111110
111010011000
000010110100
101101101110
001110110001
111011011011
111001010100
000111101111
010000100001
010000111000
101010100011
111010011000
010010010010
000000101101
000100001110
111011110010
001000011100
100000000001
101011100111
000100001110
111101001100
010100011001
011111111111
000101010001
000011100001
111110001111
101011100111
010010101000
110000111000
101111011110
101011010000
000001110000
011010010111
101110000100
110000100010
001111011110
001011010000
111100011111
000010000111
101000110011
111000010001
010100011001
010000100001
001001110110
011111111111
101010111010
010101011100
100000000001
001010100011
001011111101
101100010100
000101101000
111110100110
000100001110
101111001000
101100010100
001100101010
110101011101
110101110011
010000100001
000001011010
000011100001
000000101101
110010101001
010111111010
101000110011
110101011101
111110111100
011111111111
111000100111
001111000111
000110010101
110000001011
111010000001
111101111001
000001000011
001110000100
001010001100
011010000001
110110110111
100000010111
100001000100
111000111110
010010010010
101010111010
000001110000
011000100111
000100001110
111110001111
111000010001
110111100100
000111000010
111001101011
001011010000
111010011000
001110110001
111000010001
110001001111
000010110100
101111110101
010101000110
001111011110
001000011100
000110010101
001000011100
110001111100
000100001110
111000111110
101101000001
010011101100
111110100110
110001100101
010010010010
110001100101
000111011000
101101101110
101101101110
000111101111
010000100001
110100000011
000010000111
111010011000
011001010100
111100011111
101010001101
001111011110
000010000111
111101001100
001110000100
111000100111
111001101011
100011111000
010100101111
000001011010
011101111000
111110100110
110011010110
000000101101
010000100001
111001101011
010000111000
100110101100
000111101111
010010010010
110101011101
100110101100
111100110101
111111010011
101011100111
000111101111
101111011110
100110101100
001010100011
010000001011
010101011100
001101010111
011111111111
110001001111
000000101101
110000100010
111010011000
111110100110
001000000101
010101110011
100011001011
000111000010
110000100010
100110101100
010101000110
010010010010
110001001111
001100101010
111000010001
000100111011
111111010011
011000100111
010010111111
100000000001
000100111011
110000111000
110000100010
001111011110
110101110011
111001101011
001011100110
001100010011
111110100110
110100000011
101000110011
010011101100
111101111001
110101000110
000000000000
011000100111
011111111111
101111001000
001101101101
110110001010
110111100100
010101011100
110110110111
110110001010
010101000110
110011101100
110001001111
110111100100
110101110011
111100011111
110000100010
010101000110
110000100010
000000000000
000010000111
111010101110
011111111111
110110001010
010101110011
100100100101
111010011000
111101100010
000100111011
001011111101
010011101100
111000111110
110110001010
101110000100
000100111011
100101111111
000001000011
001101010111
111100110101
010101110011
101000011100
110010010010
011100110101
001010100011
010101000110
000100111011
000000101101
001101000000
111010101110
100001110001
001001001001
110001001111
100111000010
000011001010
100000000001
001011111101
000011001010
111101111001
000101010001
000100001110
001101010111
010011010101
101011100111
011111111111
000100001110
001110000100
110101000110
110011010110
111111101001
001110110001
101001001001
110010101001
011111111111
001000000101
100000000001
110010101001
110100000011
101100010100
111011110010
110110001010
011100011110
000100111011
000000000000
110100000011
111011110010
110000100010
011010101110
001111000111
000101101000
001101000000
000100111011
001101000000
100000101101
001100010011
110101110011
001101000000
100001011010
110110100000
011010000001
000100111011
111001101011
001001001001
001100101010
101101010111
101010111010
110001111100
011010010111
110110001010
111100011111
111011000101
111110001111
001100101010
110110110111
000111000010
011110001111
010010111111
110011010110
100000010111
111010011000
000001011010
000000101101
110100000011
000100100100
001110011010
000100001110
011100110101
110000100010
101100010100
111011000101
001100101010
000000000000
110101011101
100011111000
011110001111
010111100011
111110100110
001101101101
100010000111
101111110101
001111011110
110011010110
001010001100
111101111001
110110110111
000000101101
001100101010
110111100100
110100110000
010101000110
010010101000
010010010010
100111011001
001110110001
111010011000
100000000001
110100000011
000101101000
110111100100
101111110101
011111111111
111110100110
011110111100
001011010000
011111111111
100011001011
010110001001
111101111001
100110101100
100100100101
100001110001
110100000011
001110110001
001010001100
010001100101
010010101000
111110001111
100001000100
111100001000
000001000011
011100001000
000000000000
000111000010
101011100111
010010010010
001011111101
000001011010
110110001010
001000000101
000000000000
100101010010
111101001100
110010101001
001000011100
111000010001
100110101100
001110110001
111110100110
111100011111
011111111111
000111101111
000100111011
001011010000
111101100010
000011100001
110000100010
010101110011
000100001110
001000011100
100001110001
000000000000
000001000011
101110110001
111110100110
101011100111
100000000001
010010010010
000000101101
001010100011
001011100110
011000111101
111001101011
000101101000
011110001111
000011001010
011101100010
101100010100
100000000001
011111111111
000011100001
100000000001
111110100110
000011100001
111001101011
110101011101
000101111110
101000000110
000011100001
011100110101
111101111001
111100011111
000000101101
011111111111
000110010101
001001110110
100011001011
100110101100
001110011010
111101001100
001001011111
111101111001
110101110011
001000011100
111010011000
000010000111
110110110111
001001001001
000000101101
111010011000
001001110110
110110001010
001000110010
001011111101
111111010011
100000000001
111010011000
111110100110
011111111111
110110100000
111011000101
110100000011
001111000111
100000000001
000100111011
001001110110
111110100110
111110100110
010000111000
100111011001
000011100001
001011111101
001011010000
001111011110
000000000000
110111111010
101000110011
101000000110
000010000111
110110001010
001110000100
000011100001
000010110100
000000010110
010100011001
111011000101
010101110011
001110110001
110110001010
101001110110
001010100011
001001001001
111011110010
100001110001
101100010100
111010000001
111010101110
011000100111
111110100110
011100110101
101001110110
010011010101
110000100010
011111111111
100011100001
110000100010
001110000100
010010010010
111110100110
111100001000
110011010110
000011001010
111000111110
111010011000
000010110100
101101101110
001110110001
111011011011
111001010100
000111101111
010000100001
010000111000
101010100011
110001001111
101001100000
000100001110
111011000101
001000110010
010101011100
001001001001
101111110101
110000100010
111111010011
000001011010
010011101100
000100111011
000101101000
110001001111
001000110010
111110001111
110110001010
000100001110
000111101111
111000010001
110011010110
011010010111
001101000000
111110100110
101110011011
010101110011
100000000001
001001110110
110110100000
111100011111
001010100011
000110010101
101111110101
111000010001
111011110010
101111011110
101111001000
110100000011
000000000000
010010111111
011111111111
001011010000
011111111111
000011100001
100000000001
110111100100
001011111101
001110000100
110010101001
100111011001
000001011010
011010000001
101011111101
110011101100
110010101001
101010001101
110101110011
111111101001
000011001010
001000011100
010001001110
110011101100
110110100000
011010101110
111011110010
010000111000
001110000100
100001110001
010101110011
101011100111
011111111111
110110001010
110100000011
000010000111
001001110110
010001100101
101111110101
111011110010
000111000010
101010111010
101110110001
011111111111
111111101001
110001001111
100000000001
111101001100
111010011000
001100010011
101101000001
000000000000
111111010011
111010011000
111011110010
010100011001
001011111101
110110001010
011111111111
000101010001
111100110101
011111101001
111010101110
100000000001
000100001110
100110101100
111011011011
001110110001
110100110000
000111000010
010101011100
111000111110
110010101001
101000000110
001111000111
000011110111
010010010010
001001001001
111100011111
101011111101
101011100111
111110100110
100011100001
111101001100
000100001110
011000100111
010100101111
000100111011
011110100101
010000111000
111000111110
111101001100
101101101110
000111000010
110001001111
110000111000
100000000001
011111111111
111000111110
110111100100
111101001100
101110011011
001111110100
010011101100
001110000100
001101000000
010010010010
110101011101
100000000001
011100001000
000111101111
110000001011
101001001001
100110101100
111001010100
001010111001
110101110011
111011000101
011000100111
001011010000
011001101010
000011100001
000101101000
100010011110
010111100011
110101011101
110001001111
101110011011
000110101011
001000000101
000110010101
110010010010
000111000010
001010100011
001011010000
010010010010
110101000110
001101101101
101011111101
101111001000
110110100000
010000001011
000100100100
111010011000
000110010101
100100100101
110100000011
001011010000
111000111110
001001110110
101000000110
010110100000
101001110110
000101101000
010000001011
011100001000
101111011110
010010111111
000010000111
111011110010
110111111010
000001011010
011110111100
110001001111
000000000000
001110110001
001011100110
001100010011
100000000001
101111001000
110001001111
110001111100
110101011101
001001001001
110001100101
111010011000
110110110111
000010110100
011100011110
001101010111
010000100001
010100000010
100110101100
011011000100
100111011001
000010011101
010000111000
001110000100
100000000001
001110110001
001011111101
001111011110
100000000001
111001010100
001001011111
100111000010
000010110100
100000000001
000000000000
001011010000
000110010101
011111111111
111100110101
011111111111
110010101001
101110011011
100101101000
010110100000
100000000001
110010111111
000010011101
111000010001
011111111111
001001001001
100001011010
010111001101
000011100001
011100001000
001001110110
110001001111
100000000001
001000000101
000010011101
100000000001
001100101010
010110001001
001110110001
001100101010
010000001011
000111101111
000100100100
101010111010
110001001111
101101101110
110010101001
100001110001
011111111111
110100000011
001000011100
111110001111
110001001111
011010000001
111011110010
001001110110
010001100101
110111100100
001101101101
000100111011
100000010111
010000111000
111110100110
101110011011
111101111001
000011100001
111110100110
000111011000
111001010100
111001010100
000010000111
011101100010
010001001110
011100001000
111010101110
101010111010
101011100111
101000000110
110101011101
001010111001
110000100010
000111011000
100100111011
010101011100
110011010110
111000010001
001101010111
110111111010
011000010000
001010100011
101111011110
011000010000
001101101101
001111011110
111101111001
001110110001
111111010011
001111011110
100000010111
110011010110
110110001010
110011010110
101101000001
110101011101
110101011101
010101000110
010101000110
011000111101
111110111100
110111100100
100000000001
110101011101
101011111101
000101101000
011010101110
011010000001
111111010011
001001011111
001101010111
000010000111
110000100010
110110001010
111001101011
001011010000
101101101110
111011110010
111100011111
000100100100
010010111111
001110110001
011111111111
110100000011
101010001101
101001100000
110011101100
111000010001
111110001111
001001001001
000010110100
111011000101
001110110001
111101001100
101110011011
110101000110
001001110110
001011111101
111010011000
010001001110
110110110111
010111001101
111011000101
111110100110
000011100001
111001101011
111011110010
110111100100
111001010100
001110000100
001010100011
000110010101
000100111011
000001011010
111101111001
111011110010
111111101001
100111000010
000011110111
101011111101
100011111000
111101001100
001101000000
000110010101
011111111111
111011110010
000110010101
101001110110
000011100001
000001011010
010110100000
011111111111
000100100100
111000010001
000000101101
111011011011
110111111010
100111011001
101111001000
000010110100
001011010000
111011000101
000111101111
111101111001
111000100111
111011000101
101000000110
011111111111
001110110001
110110001010
110011010110
101101010111
001001110110
001100101010
010100011001
111001101011
111111101001
010010111111
011010010111
100000000001
110001111100
111100011111
101001001001
010011101100
001101010111
111110100110
110110110111
000000000000
001100101010
110100110000
111100011111
010001100101
000001000011
000111000010
101111001000
001000011100
100000000001
000010000111
111100011111
000111000010
001001001001
100001000100
001001110110
010111001101
110011101100
000011100001
011111111111
011111111111
100000010111
101101010111
010111111010
110010101001
100101010010
001000011100
111110001111
011110001111
110101011101
100000000001
000010011101
100001110001
011111111111
010100000010
010100011001
100001110001
000010011101
000000010110
111000010001
111001101011
000001011010
011010000001
011001010100
110011010110
001100101010
100001110001
111110111100
000000010110
110001111100
110111100100
000100111011
001110000100
111000010001
111000010001
000001000011
111111101001
000101010001
000110010101
011010101110
000001011010
001011010000
101011111101
000010000111
110110110111
110110001010
000010000111
110011101100
000100100100
010101110011
110001001111
101001100000
000100001110
111011000101
001000110010
010101011100
001001001001
101111110101
110000100010
111111010011
000001011010
010011101100
000100111011
000101101000
110001001111
001000110010
111110001111
110110001010
000100001110
000111101111
111000010001
110011010110
011010010111
001101000000
111110100110
101110011011
010101110011
100000000001
001001110110
110110100000
111100011111
001010100011
100100111011
000110101011
111100011111
011010000001
011111111111
110101110011
110001111100
110000100010
101100010100
110011010110
110000111000
100011001011
111000111110
001110110001
011111111111
000101101000
011111111111
000010000111
110101000110
101011100111
101111001000
111001101011
101011100111
000100111011
011111111111
000010110100
101101000001
111110001111
001011100110
101001100000
001100010011
001110110001
001011100110
111001101011
001000011100
111000100111
111100011111
100000000001
101101010111
111001101011
111101111001
010000001011
110111111010
010001001110
011001010100
110100000011
010011101100
110000100010
110101110011
011111111111
000010000111
010110110110
101011010000
010111001101
110100000011
100100100101
111010101110
110111100100
001000011100
100101010010
000011001010
110010010010
000111101111
000001011010
000101101000
000101010001
001111000111
111100011111
111100011111
001001110110
100001000100
010101000110
000010110100
000000000000
110000100010
010101000110
101001001001
001001110110
111111101001
110110110111
000101101000
111111010011
011100001000
101111001000
000100001110
011000010000
110111111010
111100110101
000000010110
110011101100
111000111110
000111101111
001011100110
110101011101
011010101110
101000000110
100101010010
110111100100
111110100110
111011110010
010000100001
111011000101
010001111011
101010111010
110101110011
000010110100
001110110001
000110010101
000111000010
000111000010
010010010010
100001110001
111111010011
000111101111
011111111111
001010100011
101000110011
100100111011
000100001110
111100001000
111111010011
111101111001
110011010110
000100111011
110101110011
001001110110
110101000110
110000100010
000111101111
110011010110
010010101000
111011110010
001011111101
000100100100
001010100011
111010000001
110100000011
000100001110
101011010000
010000111000
011111111111
110101011101
111110100110
101101101110
110110110111
000010000111
010100000010
001011010000
010000100001
111110100110
010100101111
110111100100
100011111000
100110101100
111101111001
110110001010
100000000001
001001001001
111110001111
111000111110
000100111011
011111111111
000001011010
110100110000
000011100001
001110110001
111001010100
010001001110
001010100011
001001001001
111011000101
111110100110
111101111001
000110101011
100000000001
111101111001
111100110101
100000000001
010000001011
110110110111
000001011010
011100011110
011110111100
000000010110
110100000011
111101001100
010001111011
010111111010
010010010010
101010100011
111111010011
100111011001
101000110011
010000111000
111110100110
000000101101
101001100000
111101111001
101011100111
101011100111
000001011010
000011001010
011111111111
001101101101
001011010000
000000000000
010100011001
000011100001
011010101110
100000000001
111010011000
001011111101
000111000010
000000101101
110001001111
101000110011
001100101010
111010000001
100010110100
010011101100
111000010001
001000110010
101010111010
010011101100
000010011101
110111100100
111001101011
001000110010
111110111100
101111110101
000010000111
011111111111
000100111011
111010011000
000010110100
000000000000
100100100101
011110111100
101010111010
001111011110
000001011010
111111101001
111011000101
000010110100
110100000011
001011111101
111011110010
110100011001
010001001110
110010101001
110101000110
001100101010
001011010000
001111011110
110110110111
111011110010
100100100101
111000100111
001000110010
111101001100
000000101101
110111001101
000001011010
010101000110
110110001010
100110101100
000110101011
001110000100
010101110011
111110111100
011111101001
111011110010
010110100000
101111001000
100100001110
111111101001
010110100000
111000010001
101111001000
101100101010
001011010000
111101111001
111001101011
111001010100
111101111001
000000010110
111001010100
001011111101
110111001101
110100110000
000110010101
000000000000
001001110110
001110000100
001011100110
001110110001
010101000110
110100000011
111110111100
001101101101
101010111010
101111001000
111100011111
100101010010
000101010001
000111000010
111110100110
110111100100
111011011011
010011101100
001100101010
110011010110
110111001101
010101110011
111100011111
010100000010
100101101000
111111010011
000001011010
011010101110
111101001100
110100110000
001000110010
110001001111
111001101011
111011110010
000001000011
110101110011
110110001010
101011100111
001011100110
010010111111
100111101111
001011010000
011111111111
101100010100
001101010111
001011010000
000010000111
001101010111
110101011101
110011010110
110111111010
111110111100
010110110110
100000000001
001111011110
101110011011
100100001110
001110000100
001100101010
001000011100
000010000111
110001100101
000010000111
111011000101
001000110010
111100011111
101101010111
010011101100
001101000000
010000111000
011110100101
100000000001
111101111001
000011001010
101000000110
110011010110
010000111000
000000101101
001011100110
010100011001
010010101000
101000000110
101000000110
001001011111
111100110101
111011110010
000110010101
101011100111
001100101010
001010100011
110010111111
110001111100
100100100101
010101000110
001000110010
111011000101
011000100111
100001011010
010011101100
000010011101
111001101011
001101010111
011111111111
110000100010
110100000011
001110011010
011010000001
100011001011
111011000101
111011000101
000001110000
001001110110
100001110001
001001110110
111100011111
100000000001
010100011001
001010100011
111000111110
110110001010
000101111110
010000001011
011111111111
000010000111
111101111001
100001000100
000000000000
111011011011
111000111110
011011011011
000010110100
111000100111
010000001011
111101001100
100101111111
000010000111
000000000000
011111111111
111011110010
000000010110
110011010110
101000000110
110000100010
001011111101
001101010111
001000000101
111010011000
111000100111
110110001010
101011100111
101001100000
010010111111
010100011001
010110110110
010000001011
001000110010
000111000010
111101001100
111101111001
111101111001
101010111010
100000000001
001111110100
010111001101
111101111001
011111101001
001101010111
111011011011
010101000110
101010111010
110100000011
000011100001
110001111100
101101101110
000100100100
111101111001
001101010111
101001100000
110100000011
010101000110
000100001110
101110000100
011100110101
010100011001
110100110000
010100011001
111000010001
000011100001
111010101110
111101111001
110111100100
010101011100
111001010100
111011000101
111011000101
100100100101
110111100100
000011001010
110101011101
000010000111
010101000110
111101111001
010101000110
101000000110
101101000001
001001011111
010001100101
101010001101
010001100101
001100010011
111111101001
001110011010
001100010011
001100010011
001110011010
110000100010
100000010111
101011100111
000010110100
000010011101
100100111011
000110101011
111100011111
011010000001
011111111111
110101110011
110001111100
110000100010
101100010100
110011010110
110000111000
100011001011
111000111110
001110110001
011111111111
000101101000
011111111111
000010000111
110101000110
101011100111
101111001000
111001101011
101011100111
000100111011
011111111111
000010110100
101101000001
111110001111
001011100110
101001100000
001100010011
001110110001
001101101101
000000000000
100000000001
011010101110
001001110110
011111111111
110101011101
001010100011
110101000110
000111011000
101101000001
111110100110
111010101110
000100001110
101011100111
011010101110
110111100100
100000000001
110111100100
011110001111
111101100010
010111001101
101111110101
011100110101
000011110111
111011110010
101001001001
111010000001
010100101111
000101101000
001101010111
110111001101
110000100010
100000101101
011011110001
011001010100
100000000001
001011111101
101011100111
111111101001
101101000001
111010101110
001000000101
010100011001
101011100111
001110110001
011101100010
010010111111
001011111101
111101100010
000110010101
110100000011
001011010000
100111101111
101011100111
111010011000
000011100001
111110100110
101111110101
000110010101
000010000111
110001001111
011111111111
111111010011
111000010001
010101000110
110111111010
000000010110
111011110010
110100110000
000100111011
111111010011
101011111101
000111011000
111000111110
101001100000
011111111111
011110111100
000010110100
101101010111
001010100011
000000010110
111010000001
110101110011
001010100011
000000000000
001111000111
111000100111
100001110001
000010000111
001011111101
110010010010
111110111100
111101111001
000111011000
101101010111
101110110001
010110100000
010111100011
000011100001
111110100110
111011000101
001000011100
111100011111
000000101101
000001011010
000100111011
111110001111
110111100100
000101101000
110111100100
101000110011
011110001111
001000011100
100000000001
000111000010
010011101100
001101010111
110100110000
111010011000
111011110010
110101011101
001011010000
000011001010
111101111001
011001010100
110101000110
101110000100
011110100101
101101101110
101111001000
000100111011
101010111010
000101111110
001000011100
011100110101
111000111110
110001100101
011100110101
000000010110
110101011101
111000111110
110111100100
100000000001
010000100001
010000111000
111010011000
110110110111
010000111000
111101001100
000110010101
000010110100
000011100001
111000111110
001000110010
110110001010
010000001011
111100110101
110000100010
111110100110
110110001010
010010010010
001011111101
001110000100
100101101000
000010110100
100011111000
100000000001
010110110110
010001100101
100101010010
001110000100
000101111110
001110000100
010011010101
001111011110
111111010011
011111111111
110001001111
000001011010
111000010001
110111100100
100000000001
111011110010
111000111110
100101010010
100001110001
011000100111
000100001110
001101010111
101110110001
000011100001
010111111010
001011111101
000110010101
010001001110
111110111100
011010000001
100000000001
101110110001
101000110011
001100101010
111110100110
110001001111
011000100111
011110111100
100010011110
010010010010
010101000110
100000000001
110011010110
000111101111
101111001000
010001001110
001100010011
110110001010
000111000010
000000010110
110110100000
001000110010
000011110111
110111111010
111010011000
111101100010
111011000101
111101100010
010100000010
111111010011
000010000111
101011111101
110011010110
011111111111
000100001110
000111101111
001011010000
010101110011
100011100001
100000000001
011000100111
100110101100
101000000110
000000010110
101110110001
011111111111
001000011100
011111111111
110001111100
111011110010
100001110001
001001011111
111010011000
000011100001
000000101101
100011001011
000100001110
011100001000
001011100110
000000000000
000110010101
100000000001
111011000101
010000001011
011110111100
110110100000
000101111110
100110101100
010010101000
000010110100
100111011001
110001001111
110100000011
110010101001
010001111011
010000111000
111011000101
011111111111
000001000011
110010101001
001110110001
101111110101
000100100100
001001001001
110101011101
011100001000
001110110001
101000000110
110111100100
111100011111
001001001001
100000000001
110010111111
000111101111
111000111110
110101011101
101101000001
001111000111
000111101111
111010101110
001101101101
010010010010
000101101000
011100001000
000111000010
111001101011
111001010100
101101010111
110101011101
001101010111
001011010000
000110101011
111101001100
110011010110
001111011110
110001111100
100011111000
000101101000
111011000101
111011110010
000101101000
111110100110
100010000111
011000100111
000011100001
000001011010
010111001101
110100000011
101111110101
110010101001
010001001110
001011010000
010101110011
110111100100
000010110100
111110100110
000001000011
001011010000
010010010010
000111011000
000100100100
111101100010
101011100111
110010101001
100000000001
101110110001
101010111010
010101110011
000000101101
100100111011
011111111111
111000010001
010001001110
000101010001
110001100101
011001010100
010001111011
000100001110
111010000001
000110101011
000111000010
000000101101
100000000001
001010111001
101111110101
001101101101
111101111001
010000111000
001110110001
101100101010
000011100001
110111100100
101110110001
011111111111
000100111011
100011001011
110100000011
100011111000
111010011000
000000101101
110010101001
011011011011
011100001000
110000100010
010110001001
111101001100
010001111011
110111100100
011111111111
111111010011
101111110101
111100011111
000010000111
000011100001
100000000001
100100100101
001111011110
011111111111
001111011110
111011011011
101111001000
000010000111
110010111111
110100000011
000011100001
110110110111
010010010010
000111101111
000010110100
000111011000
101010111010
111010011000
010101011100
111110100110
001100101010
111111010011
000100001110
010010010010
000101101000
101111001000
111000010001
111010011000
110010111111
110111100100
000101101000
111100011111
001001011111
100000000001
011111111111
011010000001
100011100001
101111001000
000101010001
010000001011
010111001101
110011010110
000010000111
101111110101
001110000100
100011111000
111010011000
011111111111
111010011000
000001011010
111010011000
010011101100
001000011100
110100000011
110001100101
110110110111
110100110000
000111101111
111101001100
001001110110
110100011001
011101100010
111000100111
001110011010
001000011100
101001001001
110100110000
011000010000
100000000001
100000000001
011110111100
111110100110
001110000100
000000000000
010001100101
100100100101
000001011010
111011011011
001111000111
111011110010
000010000111
010011101100
111100110101
011101100010
101101010111
111010011000
111111010011
110100011001
111101111001
110111001101
100011111000
011111101001
001001001001
110101011101
000001011010
110110001010
111101111001
001001110110
111100011111
000101101000
111011110010
111101001100
111010011000
000010000111
000110010101
001110011010
110101000110
000010110100
000110010101
000110101011
000001011010
000010000111
111101111001
000100001110
101010100011
010110100000
000010110100
111111010011
110001001111
100000000001
001101101101
000000000000
100000000001
011010101110
001001110110
011111111111
110101011101
001010100011
110101000110
000111011000
101101000001
111110100110
111010101110
000100001110
101011100111
011010101110
110111100100
100000000001
110111100100
011110001111
111101100010
010111001101
101111110101
011100110101
000011110111
111011110010
101001001001
111010000001
010100101111
000101101000
001101010111
110111001101
000011110111
111111010011
100000000001
010101110011
100101111111
000010110100
110011010110
100000000001
110001111100
001010111001
000111101111
010011101100
000101101000
011111111111
101111110101
000000101101
110100110000
011100110101
010101110011
111110111100
000010011101
100000000001
110111100100
010110110110
111010011000
001010100011
101001100000
000100001110
000001110000
001111000111
111010011000
000010110100
101101000001
111110111100
110001001111
111110001111
000111101111
001000000101
000010110100
000001011010
101101101110
111010000001
010100000010
001011100110
111010101110
010100011001
001100010011
011010000001
111000100111
100000000001
110001001111
110110110111
111011110010
110111111010
010001100101
110000111000
000000101101
010000111000
001011111101
100001000100
001001110110
011111111111
110110110111
000011100001
000001110000
000011100001
000011100001
111101001100
010011010101
100000000001
110100011001
010000111000
000001000011
110110001010
101101000001
000000000000
110111001101
111000111110
010011101100
100000000001
111001101011
011101100010
001110110001
111001101011
011010000001
111010011000
011111111111
111001101011
111110100110
000110101011
000001011010
111000111110
111111101001
111010011000
111100011111
101001001001
100110101100
000101101000
111011011011
000011001010
001101010111
000111000010
111111101001
100100100101
111011011011
000111101111
000100111011
111011000101
000001110000
000001011010
010001111011
110101011101
011111111111
000110010101
101110011011
010010010010
011111101001
101011111101
000100111011
100101101000
101110000100
110111100100
001101101101
100111101111
001010100011
111001101011
110100110000
111110111100
001011111101
000110010101
000000000000
000000101101
011011000100
101111001000
110010010010
011101111000
100010110100
110101011101
010001100101
111110100110
010101110011
101101101110
111001101011
000111101111
101111001000
001010111001
000011100001
110110100000
010010111111
001001001001
000010000111
000001011010
000101101000
111100011111
100001110001
010000111000
001010100011
010101110011
110000111000
100000000001
100000010111
010000111000
001100101010
000000101101
111010011000
010111001101
100010011110
010100011001
111101001100
000010110100
001011010000
010000001011
001110000100
000111000010
101001001001
111101100010
000100111011
101001110110
000000000000
101101101110
111101001100
001100101010
010110001001
110101000110
010000001011
110101110011
001111011110
011000111101
101101010111
010100101111
100000000001
100111011001
111011011011
101110011011
111111101001
010101000110
000001000011
101100010100
110111100100
011111111111
011111111111
011000100111
110101011101
101001110110
001001110110
111110001111
000010110100
111010011000
111001101011
000111011000
001010111001
101100010100
110010010010
001010001100
001010100011
110010101001
110100000011
110011010110
111000010001
000000000000
001110011010
000000000000
011000100111
000010110100
111010011000
010111001101
110000100010
100000010111
101001110110
011100110101
001000011100
001101010111
111100011111
001000110010
000011110111
010011101100
111011110010
111110111100
111000111110
100000000001
000001011010
000011110111
101110011011
000101010001
000111011000
101111110101
011000010000
101101010111
000101101000
000000101101
110101011101
000111000010
011111111111
000100001110
111000010001
000000101101
001101101101
000001110000
111010101110
110100110000
100000000001
000110101011
101111110101
110011010110
111000010001
010010111111
010111111010
000000000000
011111111111
110000100010
011001010100
110100110000
111010011000
001011010000
101100010100
110110110111
100000000001
111001010100
110101110011
010010101000
010101000110
000111000010
101001100000
010001100101
001001011111
111000100111
010000111000
001001001001
101110011011
000001000011
011110111100
101001110110
111000010001
111110111100
111010011000
000110010101
110001111100
111111010011
110101110011
000011001010
110001111100
001001001001
000000010110
011111111111
000100100100
100011111000
111101001100
000000000000
010000111000
000011001010
110110110111
001010001100
000000000000
101000000110
001011010000
111000111110
001010100011
000001011010
011100110101
110001111100
111110001111
111001101011
101110011011
111000111110
110111001101
111000010001
010001111011
001110110001
111111101001
011111111111
111011011011
001011010000
000101111110
100000000001
100110010101
100100100101
001001110110
011111111111
000101101000
000000000000
110001001111
111110001111
111100011111
010010111111
010001100101
111110001111
110111111010
010000001011
111000100111
011100001000
111000111110
110000001011
111100011111
101011100111
010011010101
111111101001
101001100000
000010000111
000010000111
101110011011
000100111011
111010011000
010010010010
010010111111
001010100011
000010000111
101110110001
110100000011
000000101101
100101010010
001010100011
110100000011
011111111111
110001001111
111111010011
011001101010
011000111101
110101011101
100010000111
000100001110
010001100101
110010111111
001101010111
111100001000
100010011110
111101111001
001110110001
111101111001
010000001011
011111111111
111101100010
100111101111
100101010010
110010101001
110011010110
001110000100
000001011010
001011111101
111100011111
101110110001
100111000010
111001010100
010011101100
011111111111
000111101111
001100101010
000000101101
001000000101
101111001000
111100011111
001010100011
001001110110
000111000010
001001110110
111100001000
100000010111
001000011100
101101000001
110101011101
100000000001
010110100000
110110110111
011100110101
110000111000
001010100011
000110010101
111011000101
110111001101
000111101111
111111010011
001010001100
001101101101
000100111011
001101000000
101100010100
000001011010
110000100010
001101010111
111001101011
011001101010
101011100111
111111101001
000100001110
111000010001
111111101001
000011110111
101100010100
000011100001
000100100100
000010110100
010001100101
101011100111
001000110010
101000000110
010010010010
010100011001
101001001001
101101101110
000001011010
110110100000
111111010011
001111000111
010010111111
001100101010
110110001010
000100001110
110110100000
010101000110
000000010110
110000001011
001001110110
101011100111
010100011001
111101001100
110101011101
000100111011
110011101100
000010110100
111110100110
100011001011
011100110101
001011010000
100000000001
010100011001
000001110000
101111001000
011111111111
000010000111
000111000010
110101011101
001100010011
000111000010
100000000001
110011101100
011111111111
110100110000
001111011110
110010111111
111110100110
111110100110
000110101011
111001101011
101110000100
001011010000
100101111111
111101001100
001011111101
011111111111
001000110010
000001011010
011011011011
111101111001
000011110111
111111010011
100000000001
010101110011
100101111111
000010110100
110011010110
100000000001
110001111100
001010111001
000111101111
010011101100
000101101000
011111111111
101111110101
000000101101
110100110000
011100110101
010101110011
111110111100
000010011101
100000000001
110111100100
010110110110
111010011000
001010100011
101001100000
000100001110
000001110000
001111000111
111010011000
000010110100
