000010011110
000011100000
000000011000
111110111110
111100100011
000101011011
000001010000
111100001101
111100000011
111111010011
000100001000
000000011110
111111100001
000000001001
000010010100
111100111111
010101100011
111000010001
101110100000
111111100000
110100111111
111111010001
110001000001
001101010010
010101010010
100011010001
001000100100
100000011110
000100101100
110111111100
000111111010
110000010101
010100001110
111000010011
110010011110
110001101000
100000000000
001001101011
111100011010
111001100111
111011110110
001011001111
010110010001
110010111101
101111101010
101010011100
010010001110
001000011001
010001001100
101111001000
111100111000
000100010010
111010010011
111111011100
010001101101
000000001010
001011111001
110000000010
010011001100
001010000011
001001100011
110101011110
101000001100
111100111111
000111100111
001100000111
111111010111
001011000101
100110110000
100110110110
001011011110
010111010011
101100000000
101100111010
000011010001
001010011011
101000011000
001001011110
000000011100
010111101001
100101010000
111110111110
011111111111
010000101011
111011001001
001100011001
110100011000
101010111101
110011000011
001100111111
000101110000
001101110111
111000011110
000010001001
101011100110
111100111100
000010010001
111011111001
111101001001
101010111101
001110110111
111100010110
111001011000
101111111111
100110000101
111100101010
010100110010
001100100110
111010001001
000000011110
010100111010
001001000100
111010101000
111001100111
111000000110
000101001010
010101000011
100000000000
000010101111
101001111101
110001100010
011010100001
000110011000
010100010111
100011000000
110010010010
000111001010
000011000000
011111111111
001110001101
011000011000
110011011101
010000101100
011111000101
011111111111
000111101100
000000100010
001001011011
011111111111
110000101110
110000100111
100000000000
000011111011
101000110011
000001111100
000001111010
010101000010
100011010111
111000101001
110111100110
111111011100
000010000011
111111001100
110100101100
010111100101
001000000000
111110000100
111011011100
010010100101
000000101110
110100110110
011111010110
011101110011
101110110011
010111101100
100000000000
100000000000
111000001011
000101000110
000000001000
100111100100
010000101101
001011100110
000110011011
111101001101
010101011101
000110000101
110100001110
111100111111
110011011101
001111010101
000100000101
000010100001
101010110100
110101101111
000101000011
110101011110
110011100100
000011101010
100100100101
010110101101
001111011011
111011101110
000101101001
010111001101
110010110010
011001010111
010101001110
101000101111
111010010110
110010000111
110100010111
001000111011
101000011100
100111110110
111101001100
111010110001
000110110110
100000000000
101010010011
000011001010
001001010100
001100100100
000101010010
100000000000
111111111110
000011011000
101111011010
110111001000
101011011110
111100010011
110111010110
001110101010
111110000001
111001110001
110010011000
001100110111
000011010100
100100110100
110100001111
010000101010
100101110101
010000011011
000001010100
101110010110
011110000110
010000000000
111110100000
010100101010
000001101001
001001000100
000011100010
001011101011
110110011000
110110111100
000101111000
111010001111
000010000111
111001001111
101100011000
111110001000
001001010101
111001110000
001110110000
010000110001
001110100111
101010000110
010010001000
101100111110
000101001100
100001110101
000000100101
001001100000
001100001111
110001100001
000001011011
110111111100
001101111110
110011010101
001011111011
111000100110
000010011011
111001000101
001101000101
010011001010
000011100000
001011000001
111111001011
011111111111
011111111111
000000100110
111111100011
000001010000
101001110010
111111101000
010101110010
101100110000
001111110011
101001101110
101010001001
001001110000
110011000000
100000000000
101111001101
111000001100
111111100001
010000000010
110001011011
111011000101
100000000000
001100000110
111000000100
110100000110
111101100101
010111100010
001001011110
100101001010
011100001110
000110000001
010100000110
001100000111
011111111111
000110000111
110101001110
001000101100
110100010111
101101011111
110000001100
011101010110
001010001111
001111011101
111100011011
111101100001
101110010001
110011110000
001110010010
000000011110
000101100101
000010111000
001101010010
101111101011
001000110011
011101101000
001111100100
000001101000
101001011001
101011011110
110011110000
011111111111
000010001001
001101010101
000110010101
110111001100
101010110101
011000000001
000001111001
111101001000
100111001101
111110111010
110100100001
110110100010
111001001110
000111110111
000000010111
001101111001
001000101111
001001111101
001010111000
000110001100
000001011111
011111111111
010101110010
110011000000
101110011110
100101100001
101110111000
000000010000
011111111111
011111111111
001110010011
110100100000
011000100000
111111111111
010011001010
000000110011
111110011111
001001001100
101110010001
000010101100
000011011011
111111111110
110001011100
000001100110
101111000010
111111110000
001011001111
100001100110
000100010101
111100110100
110101010111
101110111111
100111011000
000100011010
101011110011
110101000100
111010111110
010000100011
010011010000
110111010011
001011000111
101000001000
101111100100
000010111100
001010101101
000000001011
110110101110
000011010010
001010101001
111000000100
101001111000
110100100011
000000110000
111000010100
111111101010
100000000000
001110000110
001010001110
000010001110
101011000111
001111001101
001100000100
111100101110
101101010001
001011111001
001000110010
000100001010
010001100010
001000100011
100011011010
111110100101
010011000011
011010101001
100110111001
000111110000
001010000111
101111110111
000001110111
111100100101
010001100111
000010111010
110101111101
001101111001
011100100110
111100001110
101000110100
001100110101
110111011101
000010100111
100111000110
111101111001
100010001111
000101100100
001010101001
110100001110
000001010101
111110011010
101100001001
001001001001
111111001101
011111111111
001101000010
110100110110
110110110011
001101110100
001000101000
111001000011
100101111010
110101110100
101101000010
111111000000
101010110110
111100001000
010010111100
010100100110
101000111100
111011010110
100010000001
011110011100
110110111010
101001111001
001100110111
000100110000
111111100111
001110000000
000011001000
011101110111
111110001110
011110101001
111011101101
100101111100
111110000100
001001011110
001000011110
101111010010
110000101000
001011110001
110111001000
111101001000
111010100111
000001011010
111101101010
111110100100
111011100011
111111000101
111111010111
111101101010
111110110000
111100110101
111111101010
000000111110
000010000011
111111100111
000011110000
111111101001
000010010011
000000110011
000010000111
111101100010
111111110100
111110010010
000010111100
000010111001
111100110000
111100011100
111011100010
111111001111
000010011010
000101000010
001011100001
101100111100
111001111110
100000000000
000010100101
100101010110
111111010101
001110010011
001110101111
111110001000
111001110010
011111100111
110011011110
011001001101
000010000001
101111111101
111101010001
111110101110
100000000000
100000000000
111011101001
110000111011
010001011101
001101010001
001111110001
111010011000
001110000000
110000101000
010011011100
011001101000
011010100110
000001100110
010110100110
101000111000
001111000010
011111111111
000000110101
011111111111
010100010000
000101110001
110101100000
011010000111
000110111101
001111100000
000010010100
000010001101
111110110101
110000111111
001000100010
100000000000
110001010100
011111111111
111011101010
000011010100
100011000111
100101111111
000100101001
010110111010
010001000010
001101100100
001001011001
110010010111
010110001001
000010110100
001011000001
101010011011
010001101100
000011101111
110011010100
111010110110
011001111001
001100000010
011101110000
111010000101
111000000001
010111101011
011001100111
010000110111
000010100011
111000100001
001011000101
110010000111
011100101100
010110100001
101001111111
001101110001
110101001001
111101011100
111011111000
111100000001
111110100100
110110101100
101010001111
111000011001
001000010100
101111101100
101101011011
110101011010
000010111001
011001101001
101011101001
011010001111
111001111110
101101101100
011011101111
110100010011
111101011101
001110111010
010010101111
001111100100
000101011011
001001110010
101110101010
010001001110
101100000101
010111000100
000100000110
100011100010
010101000110
001110110111
111011100011
111001100010
000010110000
010100000101
010011001110
000110011100
111110110101
001011100110
100101001110
110100001001
010001000001
000111001101
101011100110
010101101000
101110011101
000101011010
001000000100
001000011001
101011111001
000110001110
101111111011
001111110100
110101100000
100110001011
000101111000
100000000000
010110100001
110001101010
011111111111
000011101001
101101010001
111101101101
001010101000
110101111100
110111100000
110110011011
011011110101
000100101001
000100010110
000011110001
010000101101
101010011101
110110011010
100001110011
000010011010
100000110110
101010111110
001000101110
110101111010
101111101110
011101100000
001000111110
000110000100
100011011101
001111101010
111110000101
010011001010
001000010001
010000010110
010000100011
100100001111
101010010110
001100111111
110110011010
011010010100
000101111111
001101001100
001011011010
010100111100
110011101011
000111111010
001000010100
010101110000
111010010110
000000001000
101111010011
000111001010
110100000010
110001111100
110100101110
111011000110
011011111100
001011110101
111100011111
000100011001
000111111011
001001001011
000100110010
111110110110
110100010110
001110100000
010111010010
000001110000
000010110110
101010101100
101011001010
101101010001
110010011100
010001110111
101001101011
111010101011
010001110111
000011111101
111010110101
101000011111
010001000111
010011100000
101101101001
001010000111
001000101110
110010011010
001011111111
000000000001
110101011010
000111111010
101001011011
000111001101
110010001010
010100101111
000010001111
110100011100
111111100011
110100001111
011111111111
111010100011
100000000000
110101111110
000101010100
110110010000
110000110111
110100110000
010100000110
001111011110
010001011111
010101110100
101110001010
100111110111
001111011100
101110001110
001111001011
011001111101
100110111010
101010110111
001011011111
111110010101
101101111000
100110100000
001001011111
101101001110
100110010001
001010010011
110100110101
010001100111
101010111010
000110111010
000000010111
011010110011
100110010001
011001111111
010001001111
110101000101
101000111110
010010011000
100010111000
101000000110
100100011000
110111101010
010000110000
010000011010
111011100100
010001110100
110111111011
110011100111
000010111000
000010000000
000100110011
001111101100
000010111111
000001001101
011010000010
001111111100
000011111001
001111111101
111010011111
001000110010
100000000000
001001110000
100000000000
010011110100
000110101100
110000011011
000001000111
111011111111
101000011110
000100011000
001010011010
000111000111
110100010001
011111111111
011110110000
111011000111
111101111101
000011010010
101111111101
111110000000
010010101110
101110110101
001110110110
110010111000
011001001111
111110100001
110111011011
011000010001
011010100111
111000111011
110101101101
001000111001
100010010111
110101000010
100000000000
111111010001
101100010101
011111111111
001110001000
101011111000
010010010011
001101100110
000111011110
011000011111
000010010111
000011110100
000110000010
011111111111
111110001010
000101101101
001011010011
010001000001
010111110111
110010111010
111101010000
110111011001
000110111111
110010110001
011111110000
001111111101
101011010100
000010101001
111010010010
000000100010
000001101110
110111101001
110011000010
011111111111
011111111111
000100111000
101101101111
111010011001
001011011110
000001111100
001000101101
011010101110
011111101110
011000101101
101111010110
000101100110
000011010011
110100010011
011111111111
110010101100
111100111000
100111110011
000011000100
111101011000
100110111111
111101001101
000110011100
100111001101
111001110010
101101010100
001101111011
010001011000
000110100110
110101010011
111110011110
101010111011
010010001111
000101000111
111000010011
001100101110
001011100110
001011000100
110011001101
000111010001
111001100011
001011000010
010100111001
110001100111
000111101011
111111111000
000011100101
111101001010
101100000100
000101000110
000101111010
111101011010
001010011000
000011111110
101110101100
100111001100
010101110001
001000100000
110000000001
111010111010
100000000000
110010010110
110101111101
000110011111
101010001110
111010111111
000000101100
110011111100
101111100001
110000010110
000100000100
110000101000
101011110101
010010001100
111110010000
001110011100
101110001110
110110101010
000010001001
100011111110
000001101010
011011101010
011000001010
000010010010
101100000000
000100110001
011100111011
110111010011
010010010011
111101000111
001011010000
111110010100
000110101000
111111100110
101110001100
011000010100
111000000000
000101111100
110110011010
111111010011
000101100000
100101011011
100011000011
111110101111
000011011101
011100001011
001100011101
001110111001
000110110001
000000110010
111100011011
000001011111
000100111000
000111111010
000000111001
111111010111
000000110000
000011110000
000110001111
000101011111
111111101010
111111101001
000001110001
111110111110
000000111111
111100011110
000001100101
111101010101
111101101111
000001100111
111111100000
000001111011
111100110110
000001001101
000000010010
111111010111
000001110000
111111010100
111111110111
001101001111
000101000010
111110010001
110100010010
010000010010
010101111111
110110101010
001010011101
001011110100
110001001111
011111111111
111000101110
000110011010
100110000101
011100111001
000011000001
111111111011
011111111111
010011001111
111110110010
110010101110
010011010001
000011010111
111000111100
100111000010
101011010101
111010111111
110001100100
111101100001
001110110101
100100111111
001011110101
000101100100
101101110110
100011110100
000111101110
001110100001
011000110010
010011000011
111011011110
000100101101
000010010110
011110100100
011010110101
011001111010
001101000110
010111100011
101100010010
001110001011
110111001010
001001101101
010011010011
111010100101
110000110010
010001000001
100101100101
110000001000
111010000101
101101000100
111111110000
000001101010
101111101101
000101110010
111111000111
010001010000
111011110011
001011111110
010001110001
001000001001
100110111101
111010100010
001001110010
000101100101
000011101100
010000000111
110100100110
000000011111
110001011000
001001011111
101111001111
111101001011
000101101000
001100000001
001110111110
001101000011
011000100010
101011001101
000111100111
001011011101
000101111110
101111101111
000010000100
100000100011
001100101011
010011011111
010101111001
110000011101
101010110101
110111110111
001110011100
000001011111
001011111101
100000111011
010001001011
011001001100
000011000101
100000000000
000110111101
011100001100
010001110010
111010000111
000100111010
111011000010
101111010000
111011100000
001000000001
110111101101
001010000100
110000001100
101011011011
111111110001
100001100100
011110000000
110110010000
110001101111
111110111010
101011000100
100000000000
000101000111
010110000101
001100000000
111000110101
001010010100
000010101001
010101100100
011111111111
101010010101
001010111111
111000010110
111111101111
101001000111
111000001010
111010101001
000010100010
100110010101
110100001000
101110001100
110110001111
000010110101
111110010011
111010001000
010011111100
101000111101
110010100111
011011110011
010110100110
111011010011
011111111011
000101010010
111100110000
010000011110
111100010101
010101011001
011111111111
111010110101
101000010111
111000000110
110101100100
010000011111
000100001101
101100000000
001010001101
000011011100
110001100010
100000000000
110110001101
000100101010
110110001101
111101010010
001011100000
111100001110
001110111100
011100011000
111001101111
010010010010
101010001000
110001000100
000010100100
000100101000
110000100011
000011011110
011100011010
001010010010
000010110101
101111000100
110100111000
010001101011
100100100110
010110000011
111111011010
001011011000
010001011010
110010100001
101111100110
111111111110
001100111110
000111100111
100101001110
000110000010
010000011111
000101001000
111101111110
000011001101
110000100011
110000111101
111010011100
111001110001
000111010110
100000000000
111000011001
000111001000
000100111110
010101100100
111001000011
011011111110
000011000111
000101110011
001000011011
000100101110
110010000010
111110010010
110110101110
000110101001
111101111000
000101110011
111011100000
010000111011
111010001000
011111111111
011000111000
010011001110
111010101001
101001100110
010100011001
010010001111
000101110101
111001110011
000111011100
101101101101
001110111100
010101011011
110111101010
000011100001
110001010000
101000100010
001010011001
000010011001
000001101010
111101010101
110001001010
000111010010
010011010001
110111101110
101111001101
000111001100
011001110011
010000010110
000011100100
000000000010
001000111001
000110000101
110110000101
110101100011
101110001011
101001001111
111100110000
001010111110
111001011111
000011000011
001111101010
010001111110
111001001111
010011010111
111111101010
111001101011
110010001011
101110110011
001110011101
110001111010
111100001000
000001001000
001000110110
111110001111
000001000000
000110010011
010010000100
101111110101
010011111100
110000001010
000011110011
000101100100
101000100110
101110101011
000111011010
110000001001
000011101010
000010101001
110100001111
001001001001
010100111110
001100000001
000011110001
110111111110
000010010111
001100110000
111011011110
101001110100
101100010001
001011101100
001101011111
010101111010
111011100001
001101010010
101000111011
101010111111
001111101011
110100110100
110001010010
000110101001
100000100100
111100010101
010101111000
011111111111
001011101110
110101110011
011111001101
111100101011
111110111010
011111010111
111101110010
110100001111
110100010110
000111000101
110001010111
011111111111
110011100100
110001101101
110100111110
111000101111
101111000111
110010101101
000110100011
001001101111
010010011011
101010000001
001011101010
011001100011
110101011101
000011100011
111010001101
110111011100
001010101001
101010100101
111010100001
111011110010
101011101110
111010000111
110010011000
001110000010
000001001000
000011001000
110110101101
000011111011
000010100100
101111101010
000011110101
000111011011
110011111110
110110100000
110111000100
000100100001
111110010010
111100111110
111111011001
010100100101
011001110111
111110001110
000000100011
011111111111
111001100011
001010010000
001011000001
101110100011
000000011011
111001010110
011010011011
001110101101
101011100100
111101101101
101111100100
110000000101
001011101000
000001000010
010100110011
000000111011
010001000001
101000101110
111110010010
001100100111
111011101101
010101101011
100110101100
001100010101
001100001101
101110010000
010110000110
111111111000
001111100101
000001001111
010000110000
011111111111
110100100111
100001101000
000001110010
001110010111
001001101001
100110010010
101111011011
000110001010
011111111111
010011110100
100000000111
101000000010
111101100111
000101000100
111010110010
110001101000
000010001000
001111010110
100111000111
001100100100
010010000000
110011010000
110111001110
000010101010
000110101011
110000010100
000101000000
000010000000
001010100111
111101011000
010000111000
001111001101
011110001110
101100110011
110110010010
101000111010
111110101010
000001101111
101000000000
001111000000
101001010000
111000011011
001101001010
010111000000
000011001011
110000101100
111001011110
000011010101
101101000001
111010010001
111110101010
111011100101
111101101000
011011011100
000101110101
000010111010
000101100000
110101100100
010101111001
111001010010
111101001001
000100100001
000011100011
000001010000
000001111100
000010000100
111110101010
000001111111
111111010010
000011000111
111111010010
000001001011
000000101100
111110010111
000011000110
000000010010
111110000100
111110110111
000000001010
000000101000
111111100100
111111000001
000000001110
000001110110
000010110111
000010010101
000001001011
000000011001
000000101001
000001100010
000011000001
000100111000
000101101010
000101010001
000100011010
000100101000
000101001011
000011111011
111111100111
111010111101
111010101100
000000010100
000111101101
001000111100
000001100101
110110100100
110001001101
110110110001
000100001101
010000101110
010100000001
001100010011
111110101101
110011110101
110010001111
111010100111
000110001101
001100011001
001001101100
000010010111
111110100110
000001111000
000111111100
001001110100
000101011100
111111101101
111101100011
111111010010
000000100100
111110110111
111101000010
111110011001
000010110100
000101001100
000010011000
111101011111
111100000101
000000000111
000101101001
000111101110
000101010001
000001101001
111111111100
111111010010
111110001111
111101000000
111101001111
111110110010
111110111010
111011100111
110111001011
110110100001
111010010110
111110101001
111111011100
111110001001
000000100111
001000111010
010001100100
010010010101
001010011010
000001110011
000001101000
001001111101
010001101110
010000100000
001000000001
000000010000
111110100000
111111011000
111100110001
110110001110
110010111010
111000000100
000010001111
001000000001
000100100000
111100010110
111000101000
111100101011
000010110100
000011111111
111111110001
111100001011
111101101010
000001101110
000001110110
111100011100
110110001101
110101110101
111100010011
000100011101
001000100101
000111111001
000110011010
000111000011
001001100110
001010100011
001000000111
000100000101
000001100000
000010101101
000110110100
001010000010
001000110001
000010010110
111010001011
110101010000
110110001000
111001111111
111100010110
111011001101
111001111101
111100011000
000001111111
000101000000
000001011010
111010011101
110111011111
111100010000
000100010100
001000001101
000101001111
000000101100
000000111110
000101010111
000111101001
000011110100
111110000011
111101011100
000100011111
001101101110
010010001001
001111111101
001010100100
000110001110
000010100100
111110010101
111010100111
111010011101
111111010000
000100111110
000110111001
000011011111
111111011100
111111111101
000101100110
001011101101
001100111110
001000000111
111111111010
111001101100
111001000101
111110010110
000110001010
001011101011
001011110101
001000000100
000100010010
000011110100
000100110111
000011001111
111101010110
110110100001
110100100110
111001111011
000011001010
001010001111
001100101000
001011100111
001001110010
000111110010
000101001011
000010101101
000010100100
000100111011
000101111111
000001100010
111000100110
110010100111
110110110100
000011011111
001110110001
001110000010
000000110000
110010010101
101111010111
111010000100
001000001101
001100110100
000100100110
111000010001
110011101110
111010001001
000100001010
001000100010
000100101000
111110101000
111100101101
111111111011
000100110001
000111101001
001000010111
001000010101
000111101101
000101011000
000010010111
000000101101
000001001100
000001100011
111110110011
111001100101
110110100000
111000101100
111110101110
000011010001
000010111100
111110110111
111010001101
110110111110
110101011100
110110101101
111100001100
000100010011
001001010000
000101110111
111100010000
110100101101
110101110110
111100111001
000000100100
111100100010
110101101110
110101101001
111110110000
001001001110
001011101000
000100101011
111100000000
111001010000
111011110111
111111000101
111111100011
111111000101
000000010101
000010111010
000100000001
000010000010
111110101010
111100001111
111011001110
111011011010
111101001101
000000101011
000010110001
111111100111
110111000100
101111010100
110000010111
111010011100
000101100111
001000010100
000000111111
111000010101
110110011111
111100010100
000011000011
000101101111
000100110111
000011101011
000010111011
111111101101
111000111001
110010101001
110010010100
111000111101
000001001000
000100111100
000011010000
111111111010
111111000110
000001010011
000100001101
000110001010
001000011010
001100011111
010001111000
010101101101
010101000000
001111010000
000110010010
111101010111
110111011101
110101110111
111001011001
000000011010
001000001111
001101001011
001100000000
000101001100
111100100001
110111011100
110111100011
111010010100
111010110110
111000000111
110101111001
111001000111
000000110010
000110011111
000101001010
111110111011
111011100101
000000000110
001000101100
001100111101
001001011000
000010010101
111111001000
000000111001
000010101110
000001001100
111110011111
000000010000
000110001010
001001100010
000100101011
111010001110
110011011110
110101101010
111100111111
000000111011
111111010000
111101110010
000010101000
001011011001
001110010010
000101100101
110110111111
101110110001
110011100000
111111101000
000111011000
000101000010
111110001001
111100101001
000100001001
001110101001
010010001101
001010110001
111101010010
110011000111
110000010110
110011101001
110111101111
111010011011
111100110110
000000000101
000010100100
000001010010
111100000101
110110110110
110110110111
111100110110
000100100000
001000000101
000110000000
000001011101
111110101001
111111000110
000001110011
000101010010
001000111000
001011010111
001010100111
000101111110
000000011100
111110000011
000000001001
000010100010
000000010010
111001110011
110100111111
110111101100
000000101101
001000110000
001001011101
000011100110
111100011011
110111101111
110101011100
110011110100
110011101000
110111001001
111101101001
000010010101
000001001000
111011010110
110111101001
111010000101
000000001110
000011101101
000001111010
111110110111
000000000100
000101010101
001001001110
000110011010
111111010001
111011100110
000000001110
001001101101
001110000101
000111011110
111010010100
110001100110
110101000001
000000111001
001010000100
001000011101
111111011000
111001010011
111101000100
000110010001
001010100000
000100000001
111000000110
110001011100
110101001001
111101111111
000011101110
000011001111
000000101101
000000100000
000001110110
000001001001
111101101100
111100110001
000010000001
001010110010
001111111000
001101011011
000111010001
000011011010
000011100001
000010100100
111100111010
110101000101
110010010110
110111101111
000000100110
000101100010
000011110110
111111110010
111110010011
111111010001
111110101111
111010110001
110110010111
110110110011
111101111111
000111100100
001101010101
001011110111
000100101110
111101010101
111010011101
111100111111
000001111110
000101000110
000100010000
000000111101
111110011110
111110111111
000000110111
000001101000
000000100010
111111110001
000000101000
000010010011
000010001000
111111110001
111101100110
111110001111
000001001100
000011010001
000010101100
000000000000
000000000000
000000000000
000000000000
000000000000
000000000000
000000000000
000000000000
000000000000
000000000000
000000000000
000000000000
000000000000
000000000000
000000000000
000000000000
000000000000
000000000000
000000000000
000000000000
000000000000
000000000000
000000000000
000000000000
000000000000
000000000000
000000000000
000000000000
000000000000
000000000000
000000000000
000000000000
000000000000
000000000000
000000000000
000000000000
000000000000
000000000000
000000000000
000000000000
000000000000
000000000000
000000000000
000000000000
000000000000
000000000000
000000000000
000000000000
000000000000
000000000000
000000000000
000000000000
000000000000
000000000000
000000000000
000000000000
000000000000
000000000000
000000000000
000000000000
000000000000
000000000000
000000000000
000000000000
000000000000
000000000000
000000000000
000000000000
000000000000
000000000000
000000000000
000000000000
000000000000
000000000000
000000000000
000000000000
000000000000
000000000000
000000000000
000000000000
000000000000
000000000000
000000000000
000000000000
000000000000
000000000000
000000000000
000000000000
000000000000
000000000000
000000000000
000000000000
000000000000
000000000000
000000000000
000000000000
000000000000
000000000000
000000000000
000000000000
000000000000
000000000000
000000000000
000000000000
000000000000
000000000000
000000000000
000000000000
000000000000
000000000000
000000000000
000000000000
000000000000
000000000000
000000000000
000000000000
000000000000
000000000000
000000000000
000000000000
000000000000
000000000000
000000000000
000000000000
000000000000
000000000000
000000000000
000000000000
000000000000
000000000000
000000000000
000000000000
000000000000
000000000000
000000000000
000000000000
000000000000
000000000000
000000000000
000000000000
000000000000
000000000000
000000000000
000000000000
000000000000
000000000000
000000000000
000000000000
000000000000
000000000000
000000000000
000000000000
000000000000
000000000000
000000000000
000000000000
000000000000
000000000000
000000000000
000000000000
000000000000
000000000000
000000000000
000000000000
000000000000
000000000000
000000000000
000000000000
000000000000
000000000000
000000000000
000000000000
000000000000
000000000000
000000000000
000000000000
000000000000
000000000000
000000000000
000000000000
000000000000
000000000000
000000000000
000000000000
000000000000
000000000000
000000000000
000000000000
000000000000
000000000000
000000000000
000000000000
000000000000
000000000000
000000000000
000000000000
000000000000
000000000000
000000000000
000000000000
000000000000
000000000000
000000000000
000000000000
000000000000
000000000000
000000000000
000000000000
000000000000
000000000000
000000000000
000000000000
000000000000
000000000000
000000000000
000000000000
000000000000
000000000000
000000000000
000000000000
000000000000
000000000000
000000000000
000000000000
000000000000
000000000000
000000000000
000000000000
000000000000
000000000000
000000000000
000000000000
000000000000
000000000000
000000000000
000000000000
000000000000
000000000000
000000000000
000000000000
000000000000
000000000000
000000000000
000000000000
000000000000
000000000000
000000000000
000000000000
000000000000
000000000000
000000000000
000000000000
000000000000
000000000000
000000000000
000000000000
000000000000
000000000000
000000000000
000000000000
000000000000
000000000000
000000000000
000000000000
000000000000
000000000000
000000000000
000000000000
000000000000
000000000000
000000000000
000000000000
000000000000
000000000000
000000000000
000000000000
000000000000
000000000000
000000000000
000000000000
000000000000
000000000000
000000000000
000000000000
000000000000
000000000000
000000000000
000000000000
000000000000
000000000000
000000000000
000000000000
000000000000
000000000000
000000000000
000000000000
000000000000
000000000000
000000000000
000000000000
000000000000
000000000000
000000000000
000000000000
000000000000
000000000000
000000000000
000000000000
000000000000
000000000000
000000000000
000000000000
000000000000
000000000000
000000000000
000000000000
000000000000
000000000000
000000000000
000000000000
000000000000
000000000000
000000000000
000000000000
000000000000
000000000000
000000000000
000000000000
000000000000
000000000000
000000000000
000000000000
000000000000
000000000000
000000000000
000000000000
000000000000
000000000000
000000000000
000000000000
000000000000
000000000000
000000000000
000000000000
000000000000
000000000000
000000000000
000000000000
000000000000
000000000000
000000000000
000000000000
000000000000
000000000000
000000000000
000000000000
000000000000
000000000000
000000000000
000000000000
000000000000
000000000000
000000000000
000000000000
000000000000
000000000000
000000000000
000000000000
000000000000
000000000000
000000000000
000000000000
000000000000
000000000000
000000000000
000000000000
000000000000
000000000000
000000000000
000000000000
000000000000
000000000000
000000000000
000000000000
000000000000
000000000000
000000000000
000000000000
000000000000
000000000000
000000000000
000000000000
000000000000
000000000000
000000000000
000000000000
000000000000
000000000000
000000000000
000000000000
000000000000
000000000000
000000000000
000000000000
000000000000
000000000000
000000000000
000000000000
000000000000
000000000000
000000000000
000000000000
000000000000
000000000000
000000000000
000000000000
000000000000
000000000000
000000000000
000000000000
000000000000
000000000000
000000000000
000000000000
000000000000
000000000000
000000000000
000000000000
000000000000
000000000000
000000000000
000000000000
000000000000
000000000000
000000000000
000000000000
000000000000
000000000000
000000000000
000000000000
000000000000
000000000000
000000000000
000000000000
000000000000
000000000000
000000000000
000000000000
000000000000
000000000000
000000000000
000000000000
000000000000
000000000000
000000000000
000000000000
000000000000
000000000000
000000000000
000000000000
000000000000
000000000000
000000000000
000000000000
000000000000
000000000000
000000000000
000000000000
000000000000
000000000000
000000000000
000000000000
000000000000
000000000000
000000000000
000000000000
000000000000
000000000000
000000000000
000000000000
000000000000
000000000000
000000000000
000000000000
000000000000
000000000000
000000000000
000000000000
000000000000
000000000000
000000000000
000000000000
000000000000
000000000000
000000000000
000000000000
000000000000
000000000000
000000000000
000000000000
000000000000
000000000000
000000000000
000000000000
000000000000
000000000000
000000000000
000000000000
000000000000
000000000000
000000000000
000000000000
000000000000
000000000000
000000000000
000000000000
000000000000
000000000000
000000000000
000000000000
000000000000
000000000000
000000000000
000000000000
000000000000
000000000000
000000000000
000000000000
000000000000
000000000000
000000000000
000000000000
000000000000
000000000000
000000000000
000000000000
000000000000
000000000000
000000000000
000000000000
000000000000
000000000000
000000000000
000000000000
000000000000
000000000000
000000000000
000000000000
000000000000
000000000000
000000000000
000000000000
000000000000
000000000000
000000000000
000000000000
000000000000
000000000000
000000000000
000000000000
000000000000
000000000000
000000000000
000000000000
000000000000
000000000000
000000000000
000000000000
000000000000
000000000000
000000000000
000000000000
000000000000
000000000000
000000000000
000000000000
000000000000
000000000000
000000000000
000000000000
000000000000
000000000000
000000000000
000000000000
000000000000
000000000000
000000000000
000000000000
000000000000
000000000000
000000000000
000000000000
000000000000
000000000000
000000000000
000000000000
000000000000
000000000000
000000000000
000000000000
000000000000
000000000000
000000000000
000000000000
000000000000
000000000000
000000000000
000000000000
000000000000
000000000000
000000000000
000000000000
000000000000
000000000000
000000000000
000000000000
000000000000
000000000000
000000000000
000000000000
000000000000
000000000000
000000000000
000000000000
000000000000
000000000000
000000000000
000000000000
000000000000
000000000000
000000000000
000000000000
000000000000
000000000000
000000000000
000000000000
000000000000
000000000000
000000000000
000000000000
000000000000
000000000000
000000000000
000000000000
000000000000
000000000000
000000000000
000000000000
000000000000
000000000000
000000000000
000000000000
000000000000
000000000000
000000000000
000000000000
000000000000
000000000000
000000000000
000000000000
000000000000
000000000000
000000000000
000000000000
000000000000
000000000000
000000000000
000000000000
000000000000
000000000000
000000000000
000000000000
000000000000
000000000000
000000000000
000000000000
000000000000
000000000000
000000000000
000000000000
000000000000
000000000000
000000000000
000000000000
000000000000
000000000000
000000000000
000000000000
000000000000
000000000000
000000000000
000000000000
000000000000
000000000000
000000000000
000000000000
000000000000
000000000000
000000000000
000000000000
000000000000
000000000000
000000000000
000000000000
000000000000
000000000000
000000000000
000000000000
000000000000
000000000000
000000000000
000000000000
000000000000
000000000000
000000000000
000000000000
000000000000
000000000000
000000000000
000000000000
000000000000
000000000000
000000000000
000000000000
000000000000
000000000000
000000000000
000000000000
000000000000
000000000000
000000000000
000000000000
000000000000
000000000000
000000000000
000000000000
000000000000
000000000000
000000000000
000000000000
000000000000
000000000000
000000000000
000000000000
000000000000
000000000000
000000000000
000000000000
000000000000
000000000000
000000000000
000000000000
000000000000
000000000000
000000000000
000000000000
000000000000
000000000000
000000000000
000000000000
000000000000
000000000000
000000000000
000000000000
000000000000
000000000000
000000000000
000000000000
000000000000
000000000000
000000000000
000000000000
000000000000
000000000000
000000000000
000000000000
000000000000
000000000000
000000000000
000000000000
000000000000
000000000000
000000000000
000000000000
000000000000
000000000000
000000000000
000000000000
000000000000
000000000000
000000000000
000000000000
000000000000
000000000000
000000000000
000000000000
000000000000
000000000000
000000000000
000000000000
000000000000
000000000000
000000000000
000000000000
000000000000
000000000000
000000000000
000000000000
000000000000
000000000000
000000000000
000000000000
000000000000
000000000000
000000000000
000000000000
000000000000
000000000000
000000000000
000000000000
000000000000
000000000000
000000000000
000000000000
000000000000
000000000000
000000000000
000000000000
000000000000
000000000000
000000000000
000000000000
000000000000
000000000000
000000000000
000000000000
000000000000
000000000000
000000000000
000000000000
000000000000
000000000000
000000000000
000000000000
000000000000
000000000000
000000000000
000000000000
000000000000
000000000000
000000000000
000000000000
000000000000
000000000000
000000000000
000000000000
000000000000
000000000000
000000000000
000000000000
000000000000
000000000000
000000000000
000000000000
000000000000
000000000000
000000000000
000000000000
000000000000
000000000000
000000000000
000000000000
000000000000
000000000000
000000000000
000000000000
000000000000
000000000000
000000000000
000000000000
000000000000
000000000000
000000000000
000000000000
000000000000
000000000000
000000000000
000000000000
000000000000
000000000000
000000000000
000000000000
000000000000
000000000000
000000000000
000000000000
000000000000
000000000000
000000000000
000000000000
000000000000
000000000000
000000000000
000000000000
000000000000
000000000000
000000000000
000000000000
000000000000
000000000000
000000000000
000000000000
000000000000
000000000000
000000000000
000000000000
000000000000
000000000000
000000000000
000000000000
000000000000
000000000000
000000000000
000000000000
000000000000
000000000000
000000000000
000000000000
000000000000
000000000000
000000000000
000000000000
000000000000
000000000000
000000000000
000000000000
000000000000
000000000000
000000000000
000000000000
000000000000
000000000000
000000000000
000000000000
000000000000
000000000000
000000000000
000000000000
000000000000
000000000000
000000000000
000000000000
000000000000
000000000000
000000000000
000000000000
000000000000
000000000000
000000000000
000000000000
000000000000
000000000000
000000000000
000000000000
000000000000
000000000000
000000000000
000000000000
000000000000
000000000000
000000000000
000000000000
000000000000
000000000000
000000000000
000000000000
000000000000
000000000000
000000000000
000000000000
000000000000
000000000000
000000000000
000000000000
000000000000
000000000000
000000000000
000000000000
000000000000
000000000000
000000000000
000000000000
000000000000
000000000000
000000000000
000000000000
000000000000
000000000000
000000000000
000000000000
000000000000
000000000000
000000000000
000000000000
000000000000
000000000000
000000000000
000000000000
000000000000
000000000000
000000000000
000000000000
000000000000
000000000000
000000000000
000000000000
000000000000
000000000000
000000000000
000000000000
000000000000
000000000000
000000000000
000000000000
000000000000
000000000000
000000000000
000000000000
000000000000
000000000000
000000000000
000000000000
000000000000
000000000000
000000000000
000000000000
000000000000
000000000000
000000000000
000000000000
000000000000
000000000000
000000000000
000000000000
000000000000
000000000000
000000000000
000000000000
000000000000
000000000000
000000000000
000000000000
000000000000
000000000000
000000000000
000000000000
000000000000
000000000000
000000000000
000000000000
000000000000
000000000000
000000000000
000000000000
000000000000
000000000000
000000000000
000000000000
000000000000
000000000000
000000000000
000000000000
000000000000
000000000000
000000000000
000000000000
000000000000
000000000000
000000000000
000000000000
000000000000
000000000000
000000000000
000000000000
000000000000
000000000000
000000000000
000000000000
000000000000
000000000000
000000000000
000000000000
000000000000
000000000000
000000000000
000000000000
000000000000
000000000000
000000000000
000000000000
000000000000
000000000000
000000000000
000000000000
000000000000
000000000000
000000000000
000000000000
000000000000
000000000000
000000000000
000000000000
000000000000
000000000000
000000000000
000000000000
000000000000
000000000000
000000000000
000000000000
000000000000
000000000000
000000000000
000000000000
000000000000
000000000000
000000000000
000000000000
000000000000
000000000000
000000000000
000000000000
000000000000
000000000000
000000000000
000000000000
000000000000
000000000000
000000000000
000000000000
000000000000
000000000000
000000000000
000000000000
000000000000
000000000000
000000000000
000000000000
000000000000
000000000000
000000000000
000000000000
000000000000
000000000000
000000000000
000000000000
000000000000
000000000000
000000000000
000000000000
000000000000
000000000000
000000000000
000000000000
000000000000
000000000000
000000000000
000000000000
000000000000
000000000000
000000000000
000000000000
000000000000
000000000000
000000000000
000000000000
000000000000
000000000000
000000000000
000000000000
000000000000
000000000000
000000000000
000000000000
000000000000
000000000000
000000000000
000000000000
000000000000
000000000000
000000000000
000000000000
000000000000
000000000000
000000000000
000000000000
000000000000
000000000000
000000000000
000000000000
000000000000
000000000000
000000000000
000000000000
000000000000
000000000000
000000000000
000000000000
000000000000
000000000000
000000000000
000000000000
000000000000
000000000000
000000000000
000000000000
000000000000
000000000000
000000000000
000000000000
000000000000
000000000000
000000000000
000000000000
000000000000
000000000000
000000000000
000000000000
000000000000
000000000000
000000000000
000000000000
000000000000
000000000000
000000000000
000000000000
000000000000
000000000000
000000000000
000000000000
000000000000
000000000000
000000000000
000000000000
000000000000
000000000000
000000000000
000000000000
000000000000
000000000000
000000000000
000000000000
000000000000
000000000000
000000000000
000000000000
000000000000
000000000000
000000000000
000000000000
000000000000
000000000000
000000000000
000000000000
000000000000
000000000000
000000000000
000000000000
000000000000
000000000000
000000000000
000000000000
000000000000
000000000000
000000000000
000000000000
000000000000
000000000000
000000000000
000000000000
000000000000
000000000000
000000000000
000000000000
000000000000
000000000000
000000000000
000000000000
000000000000
000000000000
000000000000
000000000000
000000000000
000000000000
000000000000
000000000000
000000000000
000000000000
000000000000
000000000000
000000000000
000000000000
000000000000
000000000000
000000000000
000000000000
000000000000
000000000000
000000000000
000000000000
000000000000
000000000000
000000000000
000000000000
000000000000
000000000000
000000000000
000000000000
000000000000
000000000000
000000000000
000000000000
000000000000
000000000000
000000000000
000000000000
000000000000
000000000000
000000000000
000000000000
000000000000
000000000000
000000000000
000000000000
000000000000
000000000000
000000000000
000000000000
000000000000
000000000000
000000000000
000000000000
000000000000
000000000000
000000000000
000000000000
000000000000
000000000000
000000000000
000000000000
000000000000
000000000000
000000000000
000000000000
000000000000
000000000000
000000000000
000000000000
000000000000
000000000000
000000000000
000000000000
000000000000
000000000000
000000000000
000000000000
000000000000
000000000000
000000000000
000000000000
000000000000
000000000000
000000000000
000000000000
000000000000
000000000000
000000000000
000000000000
000000000000
000000000000
000000000000
000000000000
000000000000
000000000000
000000000000
000000000000
000000000000
000000000000
000000000000
000000000000
000000000000
000000000000
000000000000
000000000000
000000000000
000000000000
000000000000
000000000000
000000000000
000000000000
000000000000
000000000000
000000000000
000000000000
000000000000
000000000000
000000000000
000000000000
000000000000
000000000000
000000000000
000000000000
000000000000
000000000000
000000000000
000000000000
000000000000
000000000000
000000000000
000000000000
000000000000
000000000000
000000000000
000000000000
000000000000
000000000000
000000000000
000000000000
000000000000
000000000000
000000000000
000000000000
000000000000
000000000000
000000000000
000000000000
000000000000
000000000000
000000000000
000000000000
000000000000
000000000000
000000000000
000000000000
000000000000
000000000000
000000000000
000000000000
000000000000
000000000000
000000000000
000000000000
000000000000
000000000000
000000000000
000000000000
000000000000
000000000000
000000000000
000000000000
000000000000
000000000000
000000000000
000000000000
000000000000
000000000000
000000000000
000000000000
000000000000
000000000000
000000000000
000000000000
000000000000
000000000000
000000000000
000000000000
000000000000
000000000000
000000000000
000000000000
000000000000
000000000000
000000000000
000000000000
000000000000
000000000000
000000000000
000000000000
000000000000
000000000000
000000000000
000000000000
000000000000
000000000000
000000000000
000000000000
000000000000
000000000000
000000000000
000000000000
000000000000
000000000000
000000000000
000000000000
000000000000
000000000000
000000000000
000000000000
000000000000
000000000000
000000000000
000000000000
000000000000
000000000000
000000000000
000000000000
000000000000
000000000000
000000000000
000000000000
000000000000
000000000000
000000000000
000000000000
000000000000
000000000000
000000000000
000000000000
000000000000
000000000000
000000000000
000000000000
000000000000
000000000000
000000000000
000000000000
