111100111000
000000000001
000001111111
000011010010
000000111100
111110100011
000011001001
000010100111
000000001011
111111001001
111111101110
000110000011
111110011101
111111111000
000000111111
000100011011
101100010010
000101010000
000111000101
110000000010
111011110100
111001101100
001111100101
001101001101
101111111011
111100101110
101010100011
111111001010
001100001010
101101100010
001011110100
001101111110
111011000010
000101000101
001110101101
110100101000
110001101000
110010111011
101110100100
110000011101
101111101001
000100111100
011111111111
010100000111
000111110000
001000101111
111110110111
011001010011
111100100100
111011101000
110000110110
110111110111
000010000110
111011001001
110001110110
001010010110
010111011001
000100101110
000000000100
001111011000
111010110001
111010011010
100000000000
111011110000
110000110000
110110011110
001110101100
000111000011
010010100011
111101010011
000111000111
111000000101
001101001100
001011001110
101111101101
010001100011
000111001111
000111110011
100001100011
001001100110
111111010001
001010111000
000110001010
100000010010
110111100011
010010110101
000010100101
100111111011
110100011100
000111101101
000100000000
000111010111
110000111100
101100110010
111110111101
111110111101
000111111100
000101100000
011111111111
011111111111
011100010001
111111110100
110101101011
101101000111
000011101011
000111101000
101000101101
000001111010
101000011011
010001111110
010111011101
110000001000
000110001010
001111101000
011100111011
111110010010
110110001001
000100111011
110111001100
000100000000
111110010110
001010001000
101111111010
111111001010
000011010010
000001101101
100000000000
101010101101
110110000010
111001001110
110001010001
001111111001
111011000001
000100110001
001101110000
111010010100
010011000010
001111101111
001000100000
011111111111
000110101101
001001001001
001011111000
001001000011
110100000111
000010001011
001011110111
111010000111
100111110010
110001101101
001000010100
010101011000
001100110101
101010011011
110000010010
100110011010
001101111110
010000111000
000101101101
011101110001
001101001110
010100001000
001101011000
110010010111
000100100101
000111011000
000110000001
000100111111
000011000111
100000000000
000110100011
111001100011
111101011110
100101001000
110101101000
110110110001
100000000000
111111000110
111111100011
111111111000
110111101000
101000101010
000100101000
001001001000
110001111001
000000101001
111101010010
110000011111
001111110100
111011011111
000111111011
101010101010
110001010101
011111111111
001110011110
101111111011
101111110111
101000011110
111000100101
110000101101
110011100010
111000100000
111101001111
011101000110
100110001110
101000101000
110101000110
101101111111
111010010011
000010011001
000000110100
001101000101
000010101110
011111111111
110001000111
110001100001
111100101010
010011111000
101101010011
101000100000
001000101001
111111010100
101110001110
001001011110
111100000011
000010100010
000011111011
011001010000
010011100000
010001101000
100000000000
000011000101
010111000001
000101011010
000100010001
111100010100
010101101111
110111000101
110110111101
010110111010
101111001010
100011100100
001110000010
011110101111
111101011011
001110100001
000001110101
010010010100
000010011111
101011101001
010010000000
111100110110
100111111101
110001110011
101110011110
001000001101
110101100100
110110010111
001011000101
010011100110
000010101100
100010101001
010110101011
111000011011
101001110111
001000100001
110101001110
000101010111
010100011101
101111111100
001011111111
010101100111
001111011110
011100001010
111111100111
001110011100
110000000110
000101000100
111010011111
001101101011
001001010011
000000011010
001110010001
001001011010
110110100110
010001000000
001000010100
101110000110
011100001010
000100001001
010101010001
101110111110
111010000100
000010100011
000111010100
010000110111
010001011101
001010010110
011110000000
001000011101
111011101000
111011001001
001110001101
100111001111
101111110000
000111111010
110100000110
000001001001
111011010100
001000100101
110100011000
111111101100
110110010011
110101010100
110110000100
000110110110
010011011111
011111111111
111011011010
010010010000
001101011100
001010001000
111100001010
111011100001
110000011001
110011010101
001101111101
100111111101
000101100010
001001000010
111100111011
000100100001
011101011001
110110001111
111101011001
111111010100
111010000001
010001011010
000000000100
101100101100
110101101101
110100011101
001101000101
010100100011
001011100110
110011001111
101111011100
111101110101
100000000000
001101110000
011010101001
001011010001
001101011100
000111111110
110101100010
000101101001
011000111111
001101101100
010001010111
111000110011
110100101011
000000000100
110011110101
110001011010
011111111111
100111000100
000001000101
111001110010
111000011100
101011101010
001110000001
101011000100
111111010111
000111110101
101011011000
101100001100
111101111000
001011011100
000000101110
111010111000
000100010010
111010111011
100000000000
000100101011
111110011010
000010110010
011100001111
101010101111
101111011111
000000011111
000111110100
000101110110
010110110000
000010000111
001000000000
011100000001
010101110101
000100010011
000110101110
011111111111
000111010001
000110100111
010100011101
101100100011
111000100000
111010000111
111010001000
000101001100
100111010001
011000001101
010100001110
110000011010
011011011110
000110011010
111101011111
100110100011
000010000110
110001110110
000011110010
000111101111
111001110111
101100111110
111001001011
111011001101
101111010111
001011010101
000101001111
101001101001
001100000110
111101001100
001100000100
111000000001
010111000101
001001001100
110110010101
111100101000
100000010110
001011010000
110000000110
010010000010
001011100011
111100011001
011100010010
000001111111
000000010000
011111111111
111111010101
011111111111
110001000111
010000011110
101010001000
100000000000
001011001101
110001011110
110011010111
110101101101
011101001100
011011100000
111100010101
111111011110
011111111111
101111101110
111011111010
110111000011
000011110011
101100100001
000100100110
111011110101
110011001110
001100011110
110001110111
000010101101
110001111000
111011000100
010000110101
000110100100
001011010111
000001100110
000000101000
001110001100
110101000101
100011101100
010001111011
000000011010
111000000000
011010110100
011111111111
000011001001
111010110101
011001000010
101101100001
010010011000
110001101111
000101100101
110001100001
111110111000
111100010100
111100011110
111001110110
111101011011
111111010101
000011000111
000000010011
111110011100
111101010011
000000010111
111101000100
111110000100
111101001011
111101010101
000001001000
111111100111
000001001100
000000000001
000001011000
000000010110
000011110110
000010010011
111101010001
111110100100
000000010100
111111111001
000011100001
000001010101
111011010101
111001100110
111100110101
111011100001
111001101111
111000101011
111110100111
000001011011
001001101100
101111110100
101110101111
101101110000
011111111111
000010110101
000001101100
001110011110
010000110110
001111000111
111011101011
110001000000
111101010001
111110111101
001011011010
000101110010
100110010011
001000101110
000100100100
100000000000
010010110010
010111111100
111101100111
111100011100
100101111110
100110001110
101011010100
001101111110
110101111011
111100100100
101001110000
110000001101
110110110000
001110110111
110010100100
110101110000
000101011101
001010010001
011100110000
010101001101
111010010001
101100011110
001110011101
100010010011
100100111011
111100100001
101010011101
101111110101
000111000000
000111001010
111101111100
001110000000
000110100010
010100011111
010111010011
111001001100
111000001101
101111001011
000111100001
000001011011
001000110101
000111101100
111111111011
100000000000
001010001111
000100101000
111111010011
000000000000
010011001010
100000001110
110000100011
011110111000
010110011000
110110001011
010111010001
010001010011
010010010111
101111000011
010010101111
000111100111
111010100000
101011001111
111101010111
011000010100
111101111101
111011101010
110010101001
000001010101
000110001010
101100001010
101110111011
111000001100
000100101101
010100000111
010101011001
111100010100
000110101100
110000101101
111000101101
110001011101
110011010101
111101000001
001101111110
000011010110
010111110011
000011101111
110100110111
001100101010
001111110110
000111111010
101110110100
011010100101
010001011001
000010110101
111001100001
110000001011
101100011111
011001111110
100000000000
111101100000
100101111111
011000111011
001001010100
111100101101
000011000010
101100111100
001100011010
111110101011
110011100101
111001001110
111100011011
100000000000
100101111001
101001110000
000010101101
110000011011
000000111101
100000011010
001100110110
110001010000
110111110110
000010001101
111001000001
101101001111
101011000111
111110011110
000101001010
011111111111
100011010001
010111101000
111011111111
110101100101
011011001101
000000101111
011010100000
010101010101
111001110000
100101001111
010010101100
001010101101
101011001001
100101110001
101001110010
101110101011
010100011111
110100101010
110110010101
010110110001
111001011111
000010111010
010001101000
001001101001
110010100011
001110110101
001010101000
111111011001
110101111100
100111111001
010100101001
000010010101
011111111111
001001001100
000100001101
110000001010
101011011101
100110000110
001001100100
110010101001
000100001001
001000100001
100010010010
100010000010
111100110111
111000100111
000000001110
001100001011
111001100110
111011101010
111100011110
001100010100
111111000110
011111111111
110100010001
001001001111
010111110000
000111100100
100001011110
000100010011
101100111010
101001000011
100000111001
111001101111
111101000000
111011110101
001010010001
000001100010
110011011100
101001100001
111010010011
111101100010
110110011001
010011010110
100101001111
011000001011
001011110110
000000101001
111000010000
011111111111
110111110000
001111001000
101111100000
111001010100
110101111101
111111010101
001000110110
000010011101
010000000100
100110110001
101000111000
110011010100
010100111000
011100000001
101111100111
110001011000
110111101010
000111100001
001111101101
110111111101
000010101101
001110110100
010101110001
111011011101
111100100111
101111000101
110000001101
111110110011
101101100010
000001010100
111010010001
011010110110
001100111010
000101101011
001000011000
000101101000
011111111111
010001000001
001100111011
110101100000
010001000101
111010001101
000000001100
100011011110
110110010001
110111110000
001010001010
110101001110
111101011100
001101110110
110110111111
101111110110
001001110010
001101011100
000011000000
000100001010
111101000101
001101010010
101001111010
010101110111
110101111100
001100001001
011001011000
110010100000
001101000001
000100111111
011101111110
111010111111
110101111001
001010110010
100110111011
111110001011
110010010101
001011011111
000011100001
000101110111
110011000110
000011011000
111000001000
011010001100
111010001100
001010101011
000010010101
100000000000
000000110101
101101100001
111010101001
101000110111
101010010101
001010100100
011111111111
111100010010
011011011101
101111000100
110011011111
000101110100
110010111010
001000101010
001111000101
001001000010
110111000110
001011011101
000101101011
111000111101
001110000001
000001111001
010100101001
010000101111
000001000000
111100100001
001000001011
100100111010
001110010011
010000000010
111011000111
011011001011
000101000010
000100000100
000010101001
000111100000
010001111111
000010011011
111110011001
101100100000
110110011010
110011001111
111100011011
110010001111
010110110101
101000100011
111000001000
000111111110
010100110011
010010001111
110100110111
010110011110
000101001010
001100010100
000110110100
000101000101
011110000101
111001001011
101111000011
001001111001
100011100111
000111110100
111110011111
101110100010
010101010111
001010011111
110011111110
111001001001
110100011000
000110011000
101010001110
101011000011
111011111101
011100000010
111100010101
111110011111
101000100011
101011100000
001000110011
001100110111
110101011101
010010101110
001000010100
111001000100
101010000100
000111000101
001011011101
111001101001
001110011001
101011001000
001100011000
000001110000
011111111111
000000111010
111111100111
011110111001
010001001111
111011001111
110110000100
111011111111
101111110100
000110111011
101111111010
000100101111
110100101111
110111010111
100111100110
010100011001
100000011111
101100101110
001000011101
111110110011
111111000011
110001101010
111011010100
010011001001
101011011101
000111110011
100000000000
010100001111
001101011010
110110000001
010000000111
001000110111
000001100011
100011101110
010011111111
011101111000
101010101001
010011001010
000111000010
101000001001
010110101101
010110100011
010010001000
110000100010
110010011101
110010000101
000010110000
110110110101
111100100110
101111111110
000010010110
101100100010
001110000100
111101010001
110101101011
000000001101
100000000000
000110011100
101000111110
110000010111
011001101010
111001001001
110110010101
110011100111
000100011000
000001011011
111011111011
000010100110
011101001100
001100001001
110101111001
001000101110
110100100111
000101010000
000100100111
111101000001
111010000000
111101010011
000011000100
000010001100
000010001010
111101011100
111011101010
000001100000
000011001001
000010111001
000000110000
000000011011
000011010000
111110010110
000001111010
111100100101
000011101011
000000000000
000110001011
000101011110
000100010011
000001011010
111111001110
000100000111
000100010011
000101000011
001000010000
000110000011
010001001110
001111001101
100111100101
110111110011
010111011111
111000001111
011011000010
111000101100
101100000001
001010001001
001000010110
000010001000
110110101100
111000011001
111111001110
111000000011
001110111011
001010000111
000100000100
011100111100
110010111001
110011001001
101110111001
101100000010
111011010011
000100110011
100111100100
101100011010
011111111111
010000111100
001000101111
000110000110
111100011000
111100011111
110110111110
000010101011
011100001111
110111101011
000110011000
101111010110
110110011101
000111111010
001011100101
010001100000
111010011101
011101100100
000000001000
101010111100
111001110011
010001111011
100000000000
100000000000
110111011101
111111001111
110111010001
000101100100
000101100011
111101111011
101010001000
010010011100
100000000000
110100000111
000010000000
011111111111
001000011000
001100111100
001000100001
000101000100
001010010100
110010011001
111001100111
101100100001
001100101001
101100100010
111001110100
111011001111
011010011001
110010111100
111101110001
000001010001
011111111111
101110100001
000111011100
000101111000
111110010100
010001111101
111110100011
110011111010
011111111111
000110000101
111110100111
101110110110
111011001100
000110100100
100000000000
001000011011
001001111111
010011111111
111110010111
001011111101
001100100101
000001010111
001001001011
010111100011
101101101111
100111000010
001010011010
110000001100
000101100101
100011111011
111010111001
010100101110
000000001100
000100111001
010000100010
111010110001
000110100001
010111000101
111101111000
001100111011
110000111001
000011110110
000111100001
010011000001
110100011001
110001001011
001010010100
101010101101
101101010110
001010001010
001101001000
100011001010
111111011011
001001100101
111100111010
001001100100
111010011100
110000011011
110110010010
111111011011
111101111011
111100101100
001101100110
100101110110
110101111001
000010100110
000110110011
001010101001
100000000000
010001010001
111000111000
001010010010
101011101010
000000000111
001000011000
110010110010
000000000011
111011111110
010011001000
010111111101
101000110000
111111100000
101100011011
001001101011
110011000011
001101100010
010001001111
110110011000
011100101101
111001011101
010110100101
110100111010
011011010111
100010000000
001011100011
110010001101
101101110110
100101101110
101110111000
010100011101
000111010100
011101100010
001010100001
110110100001
111001001111
110100111001
000100111001
011101111001
001111010010
001111011010
100100000110
110100010111
110000000111
011111111111
111110011110
111010110101
001000001101
010011000001
010010011100
101111000001
110110000000
011010011010
111101010101
011010101111
111100010110
110011001000
010110110100
001110011010
001111101011
001010100000
110110011011
101001100010
000111111101
100000101111
110010100111
010011010010
000001010101
001001010001
101001100110
000000001101
111100010011
110101011001
000110111100
000111100101
100001100110
001010011111
110001101110
001111011100
111101001001
010111110111
000011111011
001001010110
011111111111
110110011001
010110110010
110110111000
111100011000
101111101001
111001100001
000111011000
010000111000
011000010010
110001000110
101010101001
011110101101
010000100000
000111111001
010100101100
010010010101
000010001000
000000001010
100111011111
010101000101
101100001011
010011010110
000110111001
101010110100
000111101011
100111001111
000010111101
111100100111
110011110001
101101110010
111110100100
011010111111
100010001001
011001101010
011111111111
011001011110
111011000111
111001001010
010001010101
001001111011
000111100011
111100100010
001101100100
101010101111
111011101011
011101010011
110001101100
000001100101
100111100001
110010101100
010010101000
101101011001
000000010010
010101101101
010010100000
000101001110
011111111111
110110110100
000000111111
000010000001
000100010011
111001110010
111101000100
100001111101
101000001110
110110001011
110100011010
001100101011
001011101100
001010001010
001001100010
000100000101
100110101001
000111101011
110010000101
010101110101
101111111101
000010111011
001011011000
001011111011
001010010001
101010001000
000000000100
101011010100
001011111001
111000001010
010000000110
001011001000
111010101000
111101000001
110011011100
001001110110
000100101011
100011010111
010111011001
111011010001
111110101110
000100101000
110000110101
000010000011
101011000100
000101011111
000011110001
010111111001
101100010011
111010010100
000111110110
000011001110
110111111111
010100111101
010001101000
010111111111
000000011001
101111111011
001111110000
011011100110
001110000000
110001001111
011000011101
001101111001
011000011101
101100101011
111101110111
110111110001
001001001011
100111111111
110100000101
000001101001
110111111010
001001100010
111111100000
011111111111
110111011001
101011111001
010110110110
111001110100
010110100111
011101001110
001010101101
110011000111
000011111111
111001101000
010111111111
100111000111
110110111000
001100001111
001110010001
011111111111
111111110011
000111000110
001101010011
001001011100
000011011110
111100001000
000001000010
000100011011
011000011111
111001101010
000010000100
011111110000
101111101011
011010110010
111011111001
111101100011
001001010100
001011110010
111001110110
001100000001
010001100100
110000111111
000010111011
110011011000
101000001111
000100001000
001111100100
010101010110
011010100001
110011011100
101100100100
010111001101
110001110100
000001011000
000000000001
011111111111
110111110110
100101101011
110010010111
000101000001
101111101000
000100111011
100101001010
000111100101
100000000000
101001100111
110110001100
101010110001
011011001100
111011110111
000101001101
100000000000
001001000110
100000000000
110110011001
000101000010
000101001110
010010110111
000001110111
100001110011
000110000011
101110100111
000110001111
100111110000
101101101010
001100110000
101110100011
000100010101
010010001011
000010100100
000001111111
011010001101
111001001111
000010011110
000001010101
010001111010
011111111111
001101001011
001011001101
101101001110
110100110000
001111111100
011000001000
010000101111
110101011000
011111111111
110101101100
111100000001
000011010001
010000110101
001111000000
010111100001
100011011101
110100011100
010101110101
100110010011
010000000011
011000100010
010010010111
000000001010
111110100001
111101100000
111111000100
000010001101
111110010111
000001100111
000010101110
000010110101
111110110111
111100110110
000001001100
111110110100
000011111111
000000110001
000010100100
000001111100
111111100100
111101111101
111110001110
111111110101
111111110101
111110001110
111100111011
111100111101
111110010010
111111100000
111111101011
111110111001
111101101100
111100110001
111100011011
111101100110
111111010010
000000110110
000001010111
000001100111
000011001010
000110000011
000111010111
000100001110
111101110010
111001100111
111100100101
000101001111
001011111000
001001011100
111110000100
110001110111
101101101100
110100110110
000010110100
001110101111
010001010101
001001010101
111100011111
110011010001
110011100000
111011111000
000100011111
000110000011
000001000011
111100010000
111101011001
000011101110
001000100111
001000001001
000011111100
000001100110
000010011111
000011001001
000001000011
111101100101
111101000111
000001001010
000101000010
000100000101
111111000000
111010111110
111100011010
000001100011
000101100110
000110010011
000101000010
000100100000
000100011000
000011000001
000001010001
000001000011
000011000110
000100100010
000001110001
111011110011
110111011101
110111101000
111001001111
110111100101
110010101101
110000100110
110110101000
000001110100
001000100111
000101100000
111100111111
111001110110
000000011111
001011001110
010000110100
001110011100
001001111101
001001101000
001011101110
001001101100
000001010001
111000011110
110111100011
111111001110
000111010111
000111101011
000001010000
111011100000
111100101000
000001111100
000100101000
000001111010
111110000111
111110101011
000011010101
000101110110
000001100111
111001000101
110010111100
110011011111
111000101100
111100110000
111101100000
111100111011
111110010101
000010001111
000101110100
000110100001
000011110101
000000101100
000000011001
000100101000
001011001101
001111101000
001110011001
001000000111
000001011011
111110101000
111111100101
000000001110
111101100000
111001100101
111001100001
111110110010
000100001001
000011010100
111100000111
110101001110
110101010110
111011100010
000000100010
111111011001
111011010011
111010101011
111111000001
000010111101
000000100101
111001000011
110011101011
110101111111
111110001110
000110010011
001010000011
001010101010
001010100101
001001100101
000101100100
111111010101
111010111010
111011111110
000000111001
000011111101
000001111001
111100110000
111010001111
111101101111
000101010101
001011100011
001100010011
000111000000
111110110100
111000111100
111000100001
111101011001
000011111110
000111110100
000111011101
000110000000
000111000000
001010100011
001100000010
000111110101
111110101111
110110100100
110100100111
111000101000
111110101001
000011010111
000110000110
001000000001
001001000000
000111111101
000101111101
000101111010
001001111101
001110110010
001101111110
000100111000
111001010010
110101010101
111101111001
001100111001
010101000101
001110101001
111111001100
110100011011
110111011100
000100010001
001110001110
001100001101
000001001110
111000000010
111000100011
000000000000
000110001011
000101101010
000000011110
111100011011
111100100001
111111010100
000010001111
000100110000
000111010111
001001110100
001010001000
001000101110
000111111110
001001110000
001100001110
001011010111
000101111111
111111110011
111110000110
000001101111
000111001110
001010001011
001001100010
000110100011
000010001101
111100101111
111000110000
111001101110
000001100000
001010110000
001101100101
000111011000
111110100110
111011111100
000001001001
000101101100
000010011100
111001001101
110011010110
110111111011
000010111001
001010010000
001000111101
000010110101
111110100110
111110110110
000000010011
111111111011
111110110110
111111101011
000010111111
000110000100
000110110010
000101010100
000011001101
000001000001
111111001110
111111100011
000011111001
001001101010
001010111100
000011101011
110111111111
110001001111
110101011010
000000000010
000111000100
000100010001
111011111100
110110011110
110111101110
111100100011
000000000101
000001110101
000100010011
000111100111
001000000010
000010100000
111000111111
110010011001
110010111001
111000001110
111100011101
111100010000
111001001011
110110101101
110110010100
110110100100
110110001011
110110001111
111001001101
000000000011
001001000001
010000101100
010011110000
010001101101
001011100110
000011010110
111100010000
111000101001
111010100000
000001011011
001010010000
010000000000
001111100010
001010000001
000100010011
000010001111
000011010000
000010110100
111101111011
110111101111
110110000011
111011001100
000001111111
000011001011
111101010111
110111010000
111000000000
111111111100
000111100011
001000100100
000100011101
000001100100
000010101011
000100110000
000010111000
111110110110
111111000011
000101111000
001101110110
001110100010
000110011011
111101000110
111010010001
111101101010
111111111111
111100110011
111000110000
111100000000
000111011010
010001111010
010001000110
000100110010
110111101001
110100001101
111011010011
000011010000
000011001111
111100000011
110110110100
111011010001
000111110010
010011100000
010110001110
001111100101
000101110011
111111000011
111100011110
111011110011
111011001101
111011101000
111110110011
000011011000
000101001011
000001001110
111001101111
110100110001
110101111111
111100000110
000001100011
000010111000
000000010100
111100110101
111010101101
111010101010
111100101001
000000111000
000110100111
001010011100
001001111010
000110000000
000011100010
000101100011
001001101001
001001110011
000011010111
111010110011
110111110001
111101001011
000110011001
001100100011
001100110000
001001101011
000110010001
000010100110
111101011011
111000011011
110111010110
111011101001
000001100100
000010101000
111101111101
111000000011
110110111101
111010111100
111110010111
111101010101
111001100011
111000111111
111110001011
000100100110
000101010010
111110111010
111000001111
111001101001
000011110000
001110010000
001111001011
000100110100
110111111100
110011101111
111010111000
000101011001
001000100011
000010000000
111010000011
111010010100
000011101001
001100110011
001100011100
000010100111
111000001110
110101011101
111001101111
111110011100
111111001001
111101101000
111110000010
111111111110
111111001010
111010000111
110100111001
110110000011
111110001011
000110100101
001001101100
001000001001
000111100110
001010100111
001101000110
001001100001
000000001100
111000000000
110111010001
111100111110
000010100101
000011110010
000001110010
000001001111
000011001011
000011111100
111111110001
110111111000
110010001011
110011010110
111011010000
000100011010
001001010000
000111010110
000001011000
111100000101
111011001101
111110011101
000010010110
000011100111
000001101100
111111010001
111110110110
000000001001
000000111101
000000000101
111111000010
111111100110
000001111100
000010110110
000001000101
111101110100
111101000000
111111000000
000001100111
000000000000
000000000000
000000000000
000000000000
000000000000
000000000000
000000000000
000000000000
000000000000
000000000000
000000000000
000000000000
000000000000
000000000000
000000000000
000000000000
000000000000
000000000000
000000000000
000000000000
000000000000
000000000000
000000000000
000000000000
000000000000
000000000000
000000000000
000000000000
000000000000
000000000000
000000000000
000000000000
000000000000
000000000000
000000000000
000000000000
000000000000
000000000000
000000000000
000000000000
000000000000
000000000000
000000000000
000000000000
000000000000
000000000000
000000000000
000000000000
000000000000
000000000000
000000000000
000000000000
000000000000
000000000000
000000000000
000000000000
000000000000
000000000000
000000000000
000000000000
000000000000
000000000000
000000000000
000000000000
000000000000
000000000000
000000000000
000000000000
000000000000
000000000000
000000000000
000000000000
000000000000
000000000000
000000000000
000000000000
000000000000
000000000000
000000000000
000000000000
000000000000
000000000000
000000000000
000000000000
000000000000
000000000000
000000000000
000000000000
000000000000
000000000000
000000000000
000000000000
000000000000
000000000000
000000000000
000000000000
000000000000
000000000000
000000000000
000000000000
000000000000
000000000000
000000000000
000000000000
000000000000
000000000000
000000000000
000000000000
000000000000
000000000000
000000000000
000000000000
000000000000
000000000000
000000000000
000000000000
000000000000
000000000000
000000000000
000000000000
000000000000
000000000000
000000000000
000000000000
000000000000
000000000000
000000000000
000000000000
000000000000
000000000000
000000000000
000000000000
000000000000
000000000000
000000000000
000000000000
000000000000
000000000000
000000000000
000000000000
000000000000
000000000000
000000000000
000000000000
000000000000
000000000000
000000000000
000000000000
000000000000
000000000000
000000000000
000000000000
000000000000
000000000000
000000000000
000000000000
000000000000
000000000000
000000000000
000000000000
000000000000
000000000000
000000000000
000000000000
000000000000
000000000000
000000000000
000000000000
000000000000
000000000000
000000000000
000000000000
000000000000
000000000000
000000000000
000000000000
000000000000
000000000000
000000000000
000000000000
000000000000
000000000000
000000000000
000000000000
000000000000
000000000000
000000000000
000000000000
000000000000
000000000000
000000000000
000000000000
000000000000
000000000000
000000000000
000000000000
000000000000
000000000000
000000000000
000000000000
000000000000
000000000000
000000000000
000000000000
000000000000
000000000000
000000000000
000000000000
000000000000
000000000000
000000000000
000000000000
000000000000
000000000000
000000000000
000000000000
000000000000
000000000000
000000000000
000000000000
000000000000
000000000000
000000000000
000000000000
000000000000
000000000000
000000000000
000000000000
000000000000
000000000000
000000000000
000000000000
000000000000
000000000000
000000000000
000000000000
000000000000
000000000000
000000000000
000000000000
000000000000
000000000000
000000000000
000000000000
000000000000
000000000000
000000000000
000000000000
000000000000
000000000000
000000000000
000000000000
000000000000
000000000000
000000000000
000000000000
000000000000
000000000000
000000000000
000000000000
000000000000
000000000000
000000000000
000000000000
000000000000
000000000000
000000000000
000000000000
000000000000
000000000000
000000000000
000000000000
000000000000
000000000000
000000000000
000000000000
000000000000
000000000000
000000000000
000000000000
000000000000
000000000000
000000000000
000000000000
000000000000
000000000000
000000000000
000000000000
000000000000
000000000000
000000000000
000000000000
000000000000
000000000000
000000000000
000000000000
000000000000
000000000000
000000000000
000000000000
000000000000
000000000000
000000000000
000000000000
000000000000
000000000000
000000000000
000000000000
000000000000
000000000000
000000000000
000000000000
000000000000
000000000000
000000000000
000000000000
000000000000
000000000000
000000000000
000000000000
000000000000
000000000000
000000000000
000000000000
000000000000
000000000000
000000000000
000000000000
000000000000
000000000000
000000000000
000000000000
000000000000
000000000000
000000000000
000000000000
000000000000
000000000000
000000000000
000000000000
000000000000
000000000000
000000000000
000000000000
000000000000
000000000000
000000000000
000000000000
000000000000
000000000000
000000000000
000000000000
000000000000
000000000000
000000000000
000000000000
000000000000
000000000000
000000000000
000000000000
000000000000
000000000000
000000000000
000000000000
000000000000
000000000000
000000000000
000000000000
000000000000
000000000000
000000000000
000000000000
000000000000
000000000000
000000000000
000000000000
000000000000
000000000000
000000000000
000000000000
000000000000
000000000000
000000000000
000000000000
000000000000
000000000000
000000000000
000000000000
000000000000
000000000000
000000000000
000000000000
000000000000
000000000000
000000000000
000000000000
000000000000
000000000000
000000000000
000000000000
000000000000
000000000000
000000000000
000000000000
000000000000
000000000000
000000000000
000000000000
000000000000
000000000000
000000000000
000000000000
000000000000
000000000000
000000000000
000000000000
000000000000
000000000000
000000000000
000000000000
000000000000
000000000000
000000000000
000000000000
000000000000
000000000000
000000000000
000000000000
000000000000
000000000000
000000000000
000000000000
000000000000
000000000000
000000000000
000000000000
000000000000
000000000000
000000000000
000000000000
000000000000
000000000000
000000000000
000000000000
000000000000
000000000000
000000000000
000000000000
000000000000
000000000000
000000000000
000000000000
000000000000
000000000000
000000000000
000000000000
000000000000
000000000000
000000000000
000000000000
000000000000
000000000000
000000000000
000000000000
000000000000
000000000000
000000000000
000000000000
000000000000
000000000000
000000000000
000000000000
000000000000
000000000000
000000000000
000000000000
000000000000
000000000000
000000000000
000000000000
000000000000
000000000000
000000000000
000000000000
000000000000
000000000000
000000000000
000000000000
000000000000
000000000000
000000000000
000000000000
000000000000
000000000000
000000000000
000000000000
000000000000
000000000000
000000000000
000000000000
000000000000
000000000000
000000000000
000000000000
000000000000
000000000000
000000000000
000000000000
000000000000
000000000000
000000000000
000000000000
000000000000
000000000000
000000000000
000000000000
000000000000
000000000000
000000000000
000000000000
000000000000
000000000000
000000000000
000000000000
000000000000
000000000000
000000000000
000000000000
000000000000
000000000000
000000000000
000000000000
000000000000
000000000000
000000000000
000000000000
000000000000
000000000000
000000000000
000000000000
000000000000
000000000000
000000000000
000000000000
000000000000
000000000000
000000000000
000000000000
000000000000
000000000000
000000000000
000000000000
000000000000
000000000000
000000000000
000000000000
000000000000
000000000000
000000000000
000000000000
000000000000
000000000000
000000000000
000000000000
000000000000
000000000000
000000000000
000000000000
000000000000
000000000000
000000000000
000000000000
000000000000
000000000000
000000000000
000000000000
000000000000
000000000000
000000000000
000000000000
000000000000
000000000000
000000000000
000000000000
000000000000
000000000000
000000000000
000000000000
000000000000
000000000000
000000000000
000000000000
000000000000
000000000000
000000000000
000000000000
000000000000
000000000000
000000000000
000000000000
000000000000
000000000000
000000000000
000000000000
000000000000
000000000000
000000000000
000000000000
000000000000
000000000000
000000000000
000000000000
000000000000
000000000000
000000000000
000000000000
000000000000
000000000000
000000000000
000000000000
000000000000
000000000000
000000000000
000000000000
000000000000
000000000000
000000000000
000000000000
000000000000
000000000000
000000000000
000000000000
000000000000
000000000000
000000000000
000000000000
000000000000
000000000000
000000000000
000000000000
000000000000
000000000000
000000000000
000000000000
000000000000
000000000000
000000000000
000000000000
000000000000
000000000000
000000000000
000000000000
000000000000
000000000000
000000000000
000000000000
000000000000
000000000000
000000000000
000000000000
000000000000
000000000000
000000000000
000000000000
000000000000
000000000000
000000000000
000000000000
000000000000
000000000000
000000000000
000000000000
000000000000
000000000000
000000000000
000000000000
000000000000
000000000000
000000000000
000000000000
000000000000
000000000000
000000000000
000000000000
000000000000
000000000000
000000000000
000000000000
000000000000
000000000000
000000000000
000000000000
000000000000
000000000000
000000000000
000000000000
000000000000
000000000000
000000000000
000000000000
000000000000
000000000000
000000000000
000000000000
000000000000
000000000000
000000000000
000000000000
000000000000
000000000000
000000000000
000000000000
000000000000
000000000000
000000000000
000000000000
000000000000
000000000000
000000000000
000000000000
000000000000
000000000000
000000000000
000000000000
000000000000
000000000000
000000000000
000000000000
000000000000
000000000000
000000000000
000000000000
000000000000
000000000000
000000000000
000000000000
000000000000
000000000000
000000000000
000000000000
000000000000
000000000000
000000000000
000000000000
000000000000
000000000000
000000000000
000000000000
000000000000
000000000000
000000000000
000000000000
000000000000
000000000000
000000000000
000000000000
000000000000
000000000000
000000000000
000000000000
000000000000
000000000000
000000000000
000000000000
000000000000
000000000000
000000000000
000000000000
000000000000
000000000000
000000000000
000000000000
000000000000
000000000000
000000000000
000000000000
000000000000
000000000000
000000000000
000000000000
000000000000
000000000000
000000000000
000000000000
000000000000
000000000000
000000000000
000000000000
000000000000
000000000000
000000000000
000000000000
000000000000
000000000000
000000000000
000000000000
000000000000
000000000000
000000000000
000000000000
000000000000
000000000000
000000000000
000000000000
000000000000
000000000000
000000000000
000000000000
000000000000
000000000000
000000000000
000000000000
000000000000
000000000000
000000000000
000000000000
000000000000
000000000000
000000000000
000000000000
000000000000
000000000000
000000000000
000000000000
000000000000
000000000000
000000000000
000000000000
000000000000
000000000000
000000000000
000000000000
000000000000
000000000000
000000000000
000000000000
000000000000
000000000000
000000000000
000000000000
000000000000
000000000000
000000000000
000000000000
000000000000
000000000000
000000000000
000000000000
000000000000
000000000000
000000000000
000000000000
000000000000
000000000000
000000000000
000000000000
000000000000
000000000000
000000000000
000000000000
000000000000
000000000000
000000000000
000000000000
000000000000
000000000000
000000000000
000000000000
000000000000
000000000000
000000000000
000000000000
000000000000
000000000000
000000000000
000000000000
000000000000
000000000000
000000000000
000000000000
000000000000
000000000000
000000000000
000000000000
000000000000
000000000000
000000000000
000000000000
000000000000
000000000000
000000000000
000000000000
000000000000
000000000000
000000000000
000000000000
000000000000
000000000000
000000000000
000000000000
000000000000
000000000000
000000000000
000000000000
000000000000
000000000000
000000000000
000000000000
000000000000
000000000000
000000000000
000000000000
000000000000
000000000000
000000000000
000000000000
000000000000
000000000000
000000000000
000000000000
000000000000
000000000000
000000000000
000000000000
000000000000
000000000000
000000000000
000000000000
000000000000
000000000000
000000000000
000000000000
000000000000
000000000000
000000000000
000000000000
000000000000
000000000000
000000000000
000000000000
000000000000
000000000000
000000000000
000000000000
000000000000
000000000000
000000000000
000000000000
000000000000
000000000000
000000000000
000000000000
000000000000
000000000000
000000000000
000000000000
000000000000
000000000000
000000000000
000000000000
000000000000
000000000000
000000000000
000000000000
000000000000
000000000000
000000000000
000000000000
000000000000
000000000000
000000000000
000000000000
000000000000
000000000000
000000000000
000000000000
000000000000
000000000000
000000000000
000000000000
000000000000
000000000000
000000000000
000000000000
000000000000
000000000000
000000000000
000000000000
000000000000
000000000000
000000000000
000000000000
000000000000
000000000000
000000000000
000000000000
000000000000
000000000000
000000000000
000000000000
000000000000
000000000000
000000000000
000000000000
000000000000
000000000000
000000000000
000000000000
000000000000
000000000000
000000000000
000000000000
000000000000
000000000000
000000000000
000000000000
000000000000
000000000000
000000000000
000000000000
000000000000
000000000000
000000000000
000000000000
000000000000
000000000000
000000000000
000000000000
000000000000
000000000000
000000000000
000000000000
000000000000
000000000000
000000000000
000000000000
000000000000
000000000000
000000000000
000000000000
000000000000
000000000000
000000000000
000000000000
000000000000
000000000000
000000000000
000000000000
000000000000
000000000000
000000000000
000000000000
000000000000
000000000000
000000000000
000000000000
000000000000
000000000000
000000000000
000000000000
000000000000
000000000000
000000000000
000000000000
000000000000
000000000000
000000000000
000000000000
000000000000
000000000000
000000000000
000000000000
000000000000
000000000000
000000000000
000000000000
000000000000
000000000000
000000000000
000000000000
000000000000
000000000000
000000000000
000000000000
000000000000
000000000000
000000000000
000000000000
000000000000
000000000000
000000000000
000000000000
000000000000
000000000000
000000000000
000000000000
000000000000
000000000000
000000000000
000000000000
000000000000
000000000000
000000000000
000000000000
000000000000
000000000000
000000000000
000000000000
000000000000
000000000000
000000000000
000000000000
000000000000
000000000000
000000000000
000000000000
000000000000
000000000000
000000000000
000000000000
000000000000
000000000000
000000000000
000000000000
000000000000
000000000000
000000000000
000000000000
000000000000
000000000000
000000000000
000000000000
000000000000
000000000000
000000000000
000000000000
000000000000
000000000000
000000000000
000000000000
000000000000
000000000000
000000000000
000000000000
000000000000
000000000000
000000000000
000000000000
000000000000
000000000000
000000000000
000000000000
000000000000
000000000000
000000000000
000000000000
000000000000
000000000000
000000000000
000000000000
000000000000
000000000000
000000000000
000000000000
000000000000
000000000000
000000000000
000000000000
000000000000
000000000000
000000000000
000000000000
000000000000
000000000000
000000000000
000000000000
000000000000
000000000000
000000000000
000000000000
000000000000
000000000000
000000000000
000000000000
000000000000
000000000000
000000000000
000000000000
000000000000
000000000000
000000000000
000000000000
000000000000
000000000000
000000000000
000000000000
000000000000
000000000000
000000000000
000000000000
000000000000
000000000000
000000000000
000000000000
000000000000
000000000000
000000000000
000000000000
000000000000
000000000000
000000000000
000000000000
000000000000
000000000000
000000000000
000000000000
000000000000
000000000000
000000000000
000000000000
000000000000
000000000000
000000000000
000000000000
000000000000
000000000000
000000000000
000000000000
000000000000
000000000000
000000000000
000000000000
000000000000
000000000000
000000000000
000000000000
000000000000
000000000000
000000000000
000000000000
000000000000
000000000000
000000000000
000000000000
000000000000
000000000000
000000000000
000000000000
000000000000
000000000000
000000000000
000000000000
000000000000
000000000000
000000000000
000000000000
000000000000
000000000000
000000000000
000000000000
000000000000
000000000000
000000000000
000000000000
000000000000
000000000000
000000000000
000000000000
000000000000
000000000000
000000000000
000000000000
000000000000
000000000000
000000000000
000000000000
000000000000
000000000000
000000000000
000000000000
000000000000
000000000000
000000000000
000000000000
000000000000
000000000000
000000000000
000000000000
000000000000
000000000000
000000000000
000000000000
000000000000
000000000000
000000000000
000000000000
000000000000
000000000000
000000000000
000000000000
000000000000
000000000000
000000000000
000000000000
000000000000
000000000000
000000000000
000000000000
000000000000
000000000000
000000000000
000000000000
000000000000
000000000000
000000000000
000000000000
000000000000
000000000000
000000000000
000000000000
000000000000
000000000000
000000000000
000000000000
000000000000
000000000000
000000000000
000000000000
000000000000
000000000000
000000000000
000000000000
000000000000
000000000000
000000000000
000000000000
000000000000
000000000000
000000000000
000000000000
000000000000
000000000000
000000000000
000000000000
000000000000
000000000000
000000000000
000000000000
000000000000
000000000000
000000000000
000000000000
000000000000
000000000000
000000000000
000000000000
000000000000
000000000000
000000000000
000000000000
000000000000
000000000000
000000000000
000000000000
000000000000
000000000000
000000000000
000000000000
000000000000
000000000000
000000000000
000000000000
000000000000
000000000000
000000000000
000000000000
000000000000
000000000000
000000000000
000000000000
000000000000
000000000000
000000000000
000000000000
000000000000
000000000000
000000000000
000000000000
000000000000
000000000000
000000000000
000000000000
000000000000
000000000000
000000000000
000000000000
000000000000
000000000000
000000000000
000000000000
000000000000
000000000000
000000000000
000000000000
000000000000
000000000000
000000000000
000000000000
000000000000
000000000000
000000000000
000000000000
000000000000
000000000000
000000000000
000000000000
000000000000
000000000000
000000000000
000000000000
000000000000
000000000000
000000000000
000000000000
000000000000
000000000000
000000000000
000000000000
000000000000
000000000000
000000000000
000000000000
000000000000
000000000000
000000000000
000000000000
000000000000
000000000000
000000000000
000000000000
000000000000
000000000000
000000000000
000000000000
000000000000
000000000000
000000000000
000000000000
000000000000
000000000000
000000000000
000000000000
000000000000
000000000000
000000000000
000000000000
000000000000
000000000000
000000000000
000000000000
000000000000
000000000000
000000000000
000000000000
000000000000
000000000000
000000000000
000000000000
000000000000
000000000000
000000000000
000000000000
000000000000
000000000000
000000000000
000000000000
000000000000
000000000000
000000000000
000000000000
000000000000
000000000000
000000000000
000000000000
000000000000
000000000000
000000000000
000000000000
000000000000
000000000000
000000000000
000000000000
000000000000
000000000000
000000000000
000000000000
000000000000
000000000000
000000000000
000000000000
000000000000
000000000000
000000000000
000000000000
000000000000
000000000000
000000000000
000000000000
000000000000
000000000000
000000000000
000000000000
000000000000
000000000000
000000000000
000000000000
000000000000
000000000000
000000000000
000000000000
000000000000
000000000000
000000000000
000000000000
000000000000
000000000000
000000000000
000000000000
000000000000
000000000000
000000000000
000000000000
000000000000
000000000000
000000000000
000000000000
