000011101001
111111100001
000011011111
000000111111
000101101110
000100000100
111101111110
000001111101
111100001011
111101001101
111100010101
111101001111
000000011010
000001100001
000010001111
000001010010
111110100111
110000101001
000101111000
011111111111
110111101110
011111111111
010000010001
010011001100
101100001100
111001111101
111000001101
011111111111
001011001010
011000011110
111010111110
001000000011
000100111001
000001100100
010100010100
000110110001
011111000110
100100110011
010001011101
001110100110
011010110111
011110001011
111001011110
000111000100
100000000000
100011101101
100110000111
100111001011
000110001101
101101010000
011111111111
011111111111
111101110001
011111111101
101101010000
110010100101
001100011000
100000000000
100000000000
100000000000
000110101100
010101010110
110010001111
110110101111
111100110101
100001110101
100100110100
100000000000
001000100010
000001111101
011111111111
000100011001
110001001110
110000011010
110100100001
011110110100
001001100101
100110111111
010110011000
000001001010
111110011001
011111111111
100000101110
011000011110
000101010000
111000001010
000011001001
001000100111
010110000100
101110111101
100000000000
011111111111
011001000011
100011100010
111111101110
000001110101
101100001010
011100101000
110101100010
111110000001
110010001010
010010100011
101111100011
011000000111
111100100110
111010111011
110111011100
001001101100
011111111111
011011001110
010110001001
111011010111
101101011100
100000000000
001111011010
001101110001
000110011100
101100111000
000000110100
001000111111
100100111100
001111000001
101010011011
110110101001
101000100110
001011110111
001100110110
010000010101
000110100110
010110011011
111011100010
111101110001
111100000010
011111111111
110100010011
010011110011
011111111111
100011001000
010000000101
011111111111
001100010001
011101101100
001111011111
110101110110
011111111111
010011101111
100111101111
111110100100
001010101000
010011000001
110001101101
010011010111
111100101011
110101001001
111100001001
101001100101
001111111000
100000000000
000000000111
011111111111
001110011000
100000000000
011100100010
110111111100
010110010001
000011110010
111001100110
011111101010
100000000000
011111111111
001001100011
011100000000
100000000000
111101110110
101010101110
111001011000
011011011110
100000000000
000111001101
000001111011
101011100000
111110010111
001111000010
000011100010
110001011101
001101010111
011111010010
110011011010
000111111110
100000010011
011110000110
001010010111
100101011111
001111111001
100101110011
101011100011
011111010000
011111111111
100000000000
111000101000
011111111111
001101010001
001111011010
111011011010
110000100000
101100111101
000000101010
111000111111
101010001010
111110101001
011110011111
011001000101
000111000111
110001111001
101100010110
000001001111
110101110101
110011001001
110101001010
001000110001
111000011100
100000000000
001101001011
110110100010
101111000101
101101100001
001011010011
010111100110
101100100100
100000000000
110100111101
010011101100
011111111111
001111010000
100000000000
111000010111
001000101011
011111111111
000100111000
111001100010
100100100001
011010111000
100010101100
011111111111
111110111100
101001111011
010011011110
100000000000
001010010100
101100101101
001101101001
101000111001
110111010111
111010001111
001000101101
000010000011
011111111111
000111000110
011111111111
111000001100
100001000010
100000000000
001010101110
001011011011
110000101000
110010010000
010100000110
110110100101
101111001010
111010101010
100110111111
010101011101
001010011111
010111111101
000110011000
010001101110
011111111111
100000000000
101111011110
011111111111
001100001110
010101101100
011110011000
110101010011
110101000101
110001000101
101111101001
000001000010
010001011010
101000110110
001010100111
100000000000
110001001011
001101100010
101010000100
101100100001
001011001000
101101110111
001101110100
110100011000
100001101101
100000000000
110111001110
001001101011
111000001100
001111011001
100000000000
010000100101
011101010011
110100011110
100000000000
001110110100
000010000110
000100101100
001010101011
001001110000
111110111110
010001110001
100000000000
000110110000
110101110101
010011010101
111000110100
111000100111
011111111111
000110010111
101001001100
011000101101
110111110010
010000011000
000001010010
100101000101
110110001010
011001100100
110011101100
011010000101
011100111001
110110100000
000000010011
100111001000
011100000000
110011111011
101010100101
110111110011
011000101001
100000000000
111010000000
110111110010
000111110010
000100100001
110110110011
101100111010
001111110000
111011100100
011111111111
011111111111
000010001101
010110001010
100000000000
010101011111
100101010001
101100110101
010001000110
010000011000
011111111111
000100011111
000100001010
000110100010
110001000100
000100011011
111001111110
000001111111
111111111100
011011011111
111000110000
000111000000
111010001100
111110001010
100101001000
111100101010
001000000110
011110011100
111100101011
111010101011
111011000010
110010011010
101101010010
101110110111
011111111111
011001000011
110110010110
010010101100
100000000000
111111101011
111100010011
000001111011
100000000000
101101010000
001011101100
111011010100
001100011111
000011010110
101001001100
111100001011
110110111110
011111111111
011111111111
111011110001
001100001000
011111111111
110001010011
111000101111
110100100010
111010111000
101100110110
000101101100
101000101001
000110110010
001111001111
111101001100
001111001001
111110011110
110001011101
111010110101
100011011110
001011010001
001011010011
000001011001
011111111111
111000011100
101110110101
101011010000
001111011000
110101100110
010111011111
111011001000
000111101000
101010011111
000000001111
001100100100
100110101110
101011101011
001010001001
001100000110
011111111111
101011010101
111000101110
110110101011
011111101100
100000000000
111011001110
111000110010
010000011000
110000010000
010111110010
000111010001
001011000000
001101000101
111011001101
100000000000
011010011000
100000000000
001110000100
110111010000
011000010101
111110100100
011111111111
100111010100
000110111100
111010011000
100000011101
110110101000
000100001011
001000001110
000001001100
011111111111
111000111110
001001110100
101001110111
111000111011
100110000010
111101101011
001011100111
011111111111
100000000000
001110001001
001110010101
110101110010
111111000011
000110111101
101110001110
001100110011
011111111111
001011001010
100000000000
101100110000
000100011001
110111010011
111001111100
111111010111
000100100011
000101110000
001010101010
000011000011
000011000100
111100011101
111001000100
110111101010
110111011110
111100110010
111111000001
000000100001
111100101111
000001011000
111100101100
111101100001
000100011011
000001001100
000011011000
000001110101
111011100011
000001110111
000000101100
111010111100
111011001110
000000010110
000001001110
000101011100
011011100011
011011011001
100100001100
000101111110
100000000000
100111011101
110000000010
000111111101
011000100001
100000000000
011111111111
111010110111
111001101000
101111001101
110111111001
111000110110
111100110011
100000000000
101101001001
100001101010
000101110111
011111111111
000111000000
110111100110
101000110111
110111001010
100111111111
100110010011
010011010010
101101100111
011101110010
110010110111
000010110001
110010000111
100000000000
001011110001
011010000010
111111010011
000011010011
110011101000
110110111011
111111001000
100000000000
100000000000
110100000100
100000010110
001101000111
101111011100
001011111100
000010100010
100000000000
100000000000
111011111001
001101101110
110000010000
001101000010
111101100010
000001000010
001001000101
110011100111
110111110111
100100110000
000101110111
011111111111
111000111000
001111010001
101110101100
100000000000
101001100101
011111111111
001010010110
010100011011
000000110011
111100110111
001101001010
101111011101
011111111111
110101111100
110100000001
010000100011
101111011100
011010010111
111100000111
111101010101
001100101111
010111100110
100001011111
111011111100
011111111111
000110111000
001011100000
111100101000
011111111111
110001110111
011111111111
001001011010
101001110001
100000000000
110110101111
010010101100
001110110111
000000000011
011111111111
000000010110
101000100011
001000000001
111110100100
010010011110
001101101010
011111111111
111001101100
001011110111
111101111010
111101110110
011101001010
110110100110
001001000011
101000111010
001110000110
101111011101
011010100100
101000110111
011100010100
101100110010
100110101001
110000010110
010110010100
111110001010
100011100010
100100011010
101011010110
011111111111
000110010101
111001100000
011000100010
011111111111
100000000000
111100100101
101100011010
111111110000
010100111101
001011100000
111000100100
010111000101
001100001001
110000110001
100111110000
110001011000
110100000001
010000000101
110101010111
000010100101
110110011111
010101011000
100000000110
101100111001
000000011000
111101010101
110001110001
101011010000
011111111111
111100100101
000001000100
010100110001
111001001100
011111111111
010101011001
010000001110
100000000000
000110110100
100000000000
011011001100
111001011011
100000000000
111111000011
101001100000
101010000001
100000000000
000101001111
100101111101
111111011001
100000000000
101010001011
000101100100
011111111111
100000000000
110111100000
011001110100
010010001110
010100101000
101001101001
100000000000
111011011100
100111100111
001010101011
000010010011
000011001111
100000000101
011111111111
110100000101
111100101101
011111111111
000101010101
011011000011
000011100101
111010110111
100110101001
110000011010
111011000100
010101100000
000100000110
110101110010
001001010110
100000000000
111111001111
001110110000
001101001011
110110001100
011111111111
111101101110
000111001011
011001101101
010011001111
110111000001
111111001000
001011110111
110010000100
000111000011
111001000111
011101101001
111110100101
110110100110
100000000000
000010110010
000000011111
111001001000
000101010100
101010010010
110000110100
000001001100
000110000010
000001100111
011111111111
000100110001
100000000000
101000001101
110011011011
001000000111
111000000110
010101000111
111011110001
100101110101
011010011100
111110001011
011111111111
110001011100
011111111111
110010111001
010101111011
101110001001
001100001100
010111110101
101001001101
111001001011
010010010001
100000000000
110001110001
101001111000
101100100100
000011101010
001100100101
101011110000
110100110111
101101001001
100000000000
001111010100
100000000000
111111110100
001011011011
101110011111
110000111111
011111111111
010010010111
100100011101
111001010111
100000011101
110011100011
011001001000
001001111111
011111101101
110010010000
101111111000
000000111000
111011111100
001100110011
001000001010
010001110110
010111011001
101100111011
110011010101
001111001001
011111111111
010011110100
111001110000
011000100101
010010010001
110101101110
010110000110
101110100011
011111111111
010000010101
001110000000
000100100110
001010101110
100000000000
000011110000
011111111111
001000010100
000101010111
101111111001
110101101110
000000100010
001101101010
100000000000
101111010010
001000110100
100000000000
011100011101
110101000101
011111111111
000010010100
001011111101
110101010110
011010111100
110011001000
011111111111
001011010100
101011000001
101000100001
001001001011
010111011110
001101101100
101111111010
110100001110
100000000000
111010110001
111000110010
100110010101
111111110111
111111000001
100111111010
011001010000
000000001110
111101100010
011010010111
110101011101
110111101110
101101101000
010101110010
000001010100
110010101110
001101101001
110100001011
000010000110
011100011111
010001101111
000101111100
000001011111
111110001010
100110110011
100000000000
110000101110
000010110100
000100011111
100101010100
011111111111
100000000000
111111011101
010100101111
000001000000
100110000110
000000101001
111000000101
101000100000
001110001110
011011011001
111100001111
000001001101
001110001100
011111111111
101001011100
110011000100
000111011011
001101000000
100000000000
010011101110
001101111110
101011100010
000000100000
101101000111
001101000111
010001101010
111000001011
100110011100
000101011001
000001100000
001000101011
101110100011
110001011000
110100000010
010010100001
100000000000
011111111111
100001011101
010000101110
101100011010
001011101101
110011001100
011111111111
001110101010
011010010011
110111111010
100000000000
111001010001
010010000101
100000000000
100111001101
000101011101
101001101010
100000000000
100101101100
001111100110
011111111111
110100111100
001101100111
111001011010
101110100100
000110000010
001110001000
001111100101
100010000011
101011110011
011000100110
000100001111
011001101111
011000010001
100000011011
000011001110
000011111010
011101110000
000100010110
110101010010
001110011111
100000000000
010101010010
000101011101
101010011111
100000010100
110101011111
100000000000
001100111001
101000100111
010111000111
010111100110
110111010111
110110100111
000100110111
010010000100
000011101101
000000010101
100111110010
111001110101
111001100100
100000000000
000001011101
011001000100
100000000000
001110000010
010110111011
100000000000
000100001011
000010110000
000101001010
000100001111
000000101010
000010000111
000011011111
000010101110
000011101001
111111010010
111010100001
000000110010
111111100101
111010111000
111111000000
111110101101
111111000111
111101011010
111101100101
111110001100
111111111010
000000000001
111111100100
111111000100
111111001001
111110101110
000000000001
000000110001
000001011100
000001110011
000001000111
111111111101
111111101101
111111011111
111010011011
111100001011
110101010011
110100001100
110110111100
111000100101
111001010111
111011001010
000010010001
000100110010
001000110010
001101000100
001100010000
001101101010
010001100111
111111001101
111000100100
110100111010
110111000010
110001100010
110001010011
110000001101
110001111011
110010101111
111000001000
000000000000
111111000001
000001100100
111110110101
000010111011
111001110110
111100100000
110101001010
111101110011
111111110000
000011011010
000011101011
000010111111
000000010001
111001100110
111000110100
110110101100
111011111011
000000111011
000100100111
000111000101
001000101100
000111110110
000111010110
001001011001
000100010001
000100110000
000010000011
000000101100
111110101001
111100111110
111001010010
101101101011
110010011101
110101001000
111000010010
110111001001
111010011011
110110100000
101001010111
101100011010
100101101011
101100011010
110110111000
000011001111
001100000000
010001110111
011111111111
011111101001
011001100011
010001001010
000001111101
111111011001
000010001111
000000000110
000101110000
001111000001
000111100110
000011101000
111100110110
111000001100
110111111111
111000011101
111110010110
000000100101
000101101000
000011011010
000001000011
111100110001
110110111110
110000100011
110001100110
110011011011
110001101000
110111010101
110011111111
110110001001
111001000111
110101100111
110111001110
110101101010
111000110000
111110110101
000011101000
001001001110
001000110110
010110101000
010100101000
001101001001
001011101101
010000110101
000101110010
000000010101
111101001000
111110100001
111110110111
000100001101
000110000111
000101001011
000110110111
000001010000
111010111000
111111001011
111100110010
111100100110
000001011001
000100100101
001010010101
001010000011
001000010101
111110111000
110011001101
101110110001
101110000010
100000000000
100100010100
100111000010
101111100111
110100110001
110001111010
111000000011
111010001010
111001011001
111111000101
111110010101
000010010101
000010101010
111111101000
111110011000
000001111000
110101100011
111001111110
111000001010
110011101101
111001011000
111001010001
111001110111
110011010110
111010001111
111001110100
110110111111
111000000100
111000000110
110111010110
101110101010
110100011000
110001001110
110001000001
110100010011
110001101001
110011001011
101101101000
110000010000
110100010101
101110111011
101111110011
111011110001
000110000110
001101101011
001111000011
000101111100
000000111001
111101100001
110101110011
101101000110
101110101000
110000110100
111000010011
111100101101
000110110101
001001100001
010010001110
001100100010
001000000101
000100101011
111011001100
111000110110
101111100110
110101000111
111001101100
111111011100
000010010100
000111101001
000111010000
001000101110
000111101000
001000001000
000100011001
000010000010
111010010000
111100111111
110011101100
110011010001
110010001100
100111110100
111001000100
111110011100
000100001000
001000100001
001000110101
001101010101
001110000001
011010000100
001011101101
001001010100
001001001101
001001000110
000011110101
000000011100
000010110011
111010101011
111010110100
000001000101
001011001001
001110010111
010011011010
001001111110
001001010001
111101110010
111000001110
110111110011
111010101010
111001100001
111110111001
000000010101
000001001000
111110101011
111100001011
111010001110
110110000010
110101001001
111001010000
111001100110
111000111100
111011101101
111111111001
000110010011
001000100011
010001001011
010011100100
010000111001
001111001111
001101101100
000010110001
111011000010
110111111101
110101011111
110011000110
110110110011
111010001011
111011000100
111101000111
111100011100
110110101110
110101001100
111001111111
111001101101
111000001001
111011100110
000011000000
111100111111
111011100000
111010100111
110001110111
110111100001
111111001101
000011010100
010100101000
001011111100
011000100010
011101011011
010100101001
011101100011
001111100000
011010010010
001000110011
000111011110
000001100011
111101001101
111010011011
101111100100
110001110110
110000111001
111001010001
111011011101
111101101110
000100100101
000111001100
000111000111
001011111100
000111010100
000011101111
111110001110
111011010111
111110100011
000000111010
001100000010
010001000000
001010000011
001111000100
000011110100
111110010000
111010101000
111011111110
111101000110
000001101100
000100100000
001010011000
001110000011
000011101110
000100000010
111110010010
111011100000
111100001111
000000110101
000011100100
000110001101
001000011110
111001010100
111100111011
101010111010
101001001100
110001110000
101011101101
111000100100
111101111001
000101001001
000100001001
000010001010
111011010010
110110000100
111000110110
101010110000
110000101010
101000010010
110000000001
111110010110
111111101100
000001001011
111111110001
111110010011
111100010000
111001110000
110100100010
111000000101
111001001110
111110100011
000110100110
000010001110
000100010010
000001001111
111111101100
000001110001
111100010000
000000111101
111101111111
111111001001
111111011101
000000001101
000001010011
000011010100
001000011110
001100011011
010001110110
001110100110
001011011101
000110001010
000001111111
000000001101
111000100110
111101001100
111001001000
111100100010
000011010001
111111010000
000100110011
111100100010
111111101111
111101111101
000000000001
111110101000
000100001001
000010110110
000010010001
000001001111
111010010100
110011100001
110110000011
110110110100
111000001110
111110110010
000011011001
001000001001
001111001111
010000000100
001100100000
111111000001
110110111011
110110110111
110000011000
110100110111
110110110010
111111101011
001000000101
001000000111
001101101000
001100000101
000000011111
111001110101
101100111111
110101001011
110011110111
111000100000
111100010100
111110111101
000001100111
111111111000
111111110011
111110101110
000010010010
000000010001
000101110101
010010000000
010011000111
001000011111
000101011100
111011011110
111011101001
111000101101
110100100001
111010110001
000001011011
000111000110
000101010011
000100011110
000110111011
000011011111
000001110011
000011000110
000101000010
001110111111
001101000101
011000001001
010010101111
010100011010
010111011101
001110011011
000110100001
000011100010
111101010111
111001000010
111001110011
111001100010
111010111011
111110010111
000000101000
000001111000
000010000011
000000111111
111111110110
111111000110
111111001001
000000100000
000001111010
000011000000
000011101000
000010110111
000001010011
111111101000
000000000000
000000000000
000000000000
000000000000
000000000000
000000000000
000000000000
000000000000
000000000000
000000000000
000000000000
000000000000
000000000000
000000000000
000000000000
000000000000
000000000000
000000000000
000000000000
000000000000
000000000000
000000000000
000000000000
000000000000
000000000000
000000000000
000000000000
000000000000
000000000000
000000000000
000000000000
000000000000
000000000000
000000000000
000000000000
000000000000
000000000000
000000000000
000000000000
000000000000
000000000000
000000000000
000000000000
000000000000
000000000000
000000000000
000000000000
000000000000
000000000000
000000000000
000000000000
000000000000
000000000000
000000000000
000000000000
000000000000
000000000000
000000000000
000000000000
000000000000
000000000000
000000000000
000000000000
000000000000
000000000000
000000000000
000000000000
000000000000
000000000000
000000000000
000000000000
000000000000
000000000000
000000000000
000000000000
000000000000
000000000000
000000000000
000000000000
000000000000
000000000000
000000000000
000000000000
000000000000
000000000000
000000000000
000000000000
000000000000
000000000000
000000000000
000000000000
000000000000
000000000000
000000000000
000000000000
000000000000
000000000000
000000000000
000000000000
000000000000
000000000000
000000000000
000000000000
000000000000
000000000000
000000000000
000000000000
000000000000
000000000000
000000000000
000000000000
000000000000
000000000000
000000000000
000000000000
000000000000
000000000000
000000000000
000000000000
000000000000
000000000000
000000000000
000000000000
000000000000
000000000000
000000000000
000000000000
000000000000
000000000000
000000000000
000000000000
000000000000
000000000000
000000000000
000000000000
000000000000
000000000000
000000000000
000000000000
000000000000
000000000000
000000000000
000000000000
000000000000
000000000000
000000000000
000000000000
000000000000
000000000000
000000000000
000000000000
000000000000
000000000000
000000000000
000000000000
000000000000
000000000000
000000000000
000000000000
000000000000
000000000000
000000000000
000000000000
000000000000
000000000000
000000000000
000000000000
000000000000
000000000000
000000000000
000000000000
000000000000
000000000000
000000000000
000000000000
000000000000
000000000000
000000000000
000000000000
000000000000
000000000000
000000000000
000000000000
000000000000
000000000000
000000000000
000000000000
000000000000
000000000000
000000000000
000000000000
000000000000
000000000000
000000000000
000000000000
000000000000
000000000000
000000000000
000000000000
000000000000
000000000000
000000000000
000000000000
000000000000
000000000000
000000000000
000000000000
000000000000
000000000000
000000000000
000000000000
000000000000
000000000000
000000000000
000000000000
000000000000
000000000000
000000000000
000000000000
000000000000
000000000000
000000000000
000000000000
000000000000
000000000000
000000000000
000000000000
000000000000
000000000000
000000000000
000000000000
000000000000
000000000000
000000000000
000000000000
000000000000
000000000000
000000000000
000000000000
000000000000
000000000000
000000000000
000000000000
000000000000
000000000000
000000000000
000000000000
000000000000
000000000000
000000000000
000000000000
000000000000
000000000000
000000000000
000000000000
000000000000
000000000000
000000000000
000000000000
000000000000
000000000000
000000000000
000000000000
000000000000
000000000000
000000000000
000000000000
000000000000
000000000000
000000000000
000000000000
000000000000
000000000000
000000000000
000000000000
000000000000
000000000000
000000000000
000000000000
000000000000
000000000000
000000000000
000000000000
000000000000
000000000000
000000000000
000000000000
000000000000
000000000000
000000000000
000000000000
000000000000
000000000000
000000000000
000000000000
000000000000
000000000000
000000000000
000000000000
000000000000
000000000000
000000000000
000000000000
000000000000
000000000000
000000000000
000000000000
000000000000
000000000000
000000000000
000000000000
000000000000
000000000000
000000000000
000000000000
000000000000
000000000000
000000000000
000000000000
000000000000
000000000000
000000000000
000000000000
000000000000
000000000000
000000000000
000000000000
000000000000
000000000000
000000000000
000000000000
000000000000
000000000000
000000000000
000000000000
000000000000
000000000000
000000000000
000000000000
000000000000
000000000000
000000000000
000000000000
000000000000
000000000000
000000000000
000000000000
000000000000
000000000000
000000000000
000000000000
000000000000
000000000000
000000000000
000000000000
000000000000
000000000000
000000000000
000000000000
000000000000
000000000000
000000000000
000000000000
000000000000
000000000000
000000000000
000000000000
000000000000
000000000000
000000000000
000000000000
000000000000
000000000000
000000000000
000000000000
000000000000
000000000000
000000000000
000000000000
000000000000
000000000000
000000000000
000000000000
000000000000
000000000000
000000000000
000000000000
000000000000
000000000000
000000000000
000000000000
000000000000
000000000000
000000000000
000000000000
000000000000
000000000000
000000000000
000000000000
000000000000
000000000000
000000000000
000000000000
000000000000
000000000000
000000000000
000000000000
000000000000
000000000000
000000000000
000000000000
000000000000
000000000000
000000000000
000000000000
000000000000
000000000000
000000000000
000000000000
000000000000
000000000000
000000000000
000000000000
000000000000
000000000000
000000000000
000000000000
000000000000
000000000000
000000000000
000000000000
000000000000
000000000000
000000000000
000000000000
000000000000
000000000000
000000000000
000000000000
000000000000
000000000000
000000000000
000000000000
000000000000
000000000000
000000000000
000000000000
000000000000
000000000000
000000000000
000000000000
000000000000
000000000000
000000000000
000000000000
000000000000
000000000000
000000000000
000000000000
000000000000
000000000000
000000000000
000000000000
000000000000
000000000000
000000000000
000000000000
000000000000
000000000000
000000000000
000000000000
000000000000
000000000000
000000000000
000000000000
000000000000
000000000000
000000000000
000000000000
000000000000
000000000000
000000000000
000000000000
000000000000
000000000000
000000000000
000000000000
000000000000
000000000000
000000000000
000000000000
000000000000
000000000000
000000000000
000000000000
000000000000
000000000000
000000000000
000000000000
000000000000
000000000000
000000000000
000000000000
000000000000
000000000000
000000000000
000000000000
000000000000
000000000000
000000000000
000000000000
000000000000
000000000000
000000000000
000000000000
000000000000
000000000000
000000000000
000000000000
000000000000
000000000000
000000000000
000000000000
000000000000
000000000000
000000000000
000000000000
000000000000
000000000000
000000000000
000000000000
000000000000
000000000000
000000000000
000000000000
000000000000
000000000000
000000000000
000000000000
000000000000
000000000000
000000000000
000000000000
000000000000
000000000000
000000000000
000000000000
000000000000
000000000000
000000000000
000000000000
000000000000
000000000000
000000000000
000000000000
000000000000
000000000000
000000000000
000000000000
000000000000
000000000000
000000000000
000000000000
000000000000
000000000000
000000000000
000000000000
000000000000
000000000000
000000000000
000000000000
000000000000
000000000000
000000000000
000000000000
000000000000
000000000000
000000000000
000000000000
000000000000
000000000000
000000000000
000000000000
000000000000
000000000000
000000000000
000000000000
000000000000
000000000000
000000000000
000000000000
000000000000
000000000000
000000000000
000000000000
000000000000
000000000000
000000000000
000000000000
000000000000
000000000000
000000000000
000000000000
000000000000
000000000000
000000000000
000000000000
000000000000
000000000000
000000000000
000000000000
000000000000
000000000000
000000000000
000000000000
000000000000
000000000000
000000000000
000000000000
000000000000
000000000000
000000000000
000000000000
000000000000
000000000000
000000000000
000000000000
000000000000
000000000000
000000000000
000000000000
000000000000
000000000000
000000000000
000000000000
000000000000
000000000000
000000000000
000000000000
000000000000
000000000000
000000000000
000000000000
000000000000
000000000000
000000000000
000000000000
000000000000
000000000000
000000000000
000000000000
000000000000
000000000000
000000000000
000000000000
000000000000
000000000000
000000000000
000000000000
000000000000
000000000000
000000000000
000000000000
000000000000
000000000000
000000000000
000000000000
000000000000
000000000000
000000000000
000000000000
000000000000
000000000000
000000000000
000000000000
000000000000
000000000000
000000000000
000000000000
000000000000
000000000000
000000000000
000000000000
000000000000
000000000000
000000000000
000000000000
000000000000
000000000000
000000000000
000000000000
000000000000
000000000000
000000000000
000000000000
000000000000
000000000000
000000000000
000000000000
000000000000
000000000000
000000000000
000000000000
000000000000
000000000000
000000000000
000000000000
000000000000
000000000000
000000000000
000000000000
000000000000
000000000000
000000000000
000000000000
000000000000
000000000000
000000000000
000000000000
000000000000
000000000000
000000000000
000000000000
000000000000
000000000000
000000000000
000000000000
000000000000
000000000000
000000000000
000000000000
000000000000
000000000000
000000000000
000000000000
000000000000
000000000000
000000000000
000000000000
000000000000
000000000000
000000000000
000000000000
000000000000
000000000000
000000000000
000000000000
000000000000
000000000000
000000000000
000000000000
000000000000
000000000000
000000000000
000000000000
000000000000
000000000000
000000000000
000000000000
000000000000
000000000000
000000000000
000000000000
000000000000
000000000000
000000000000
000000000000
000000000000
000000000000
000000000000
000000000000
000000000000
000000000000
000000000000
000000000000
000000000000
000000000000
000000000000
000000000000
000000000000
000000000000
000000000000
000000000000
000000000000
000000000000
000000000000
000000000000
000000000000
000000000000
000000000000
000000000000
000000000000
000000000000
000000000000
000000000000
000000000000
000000000000
000000000000
000000000000
000000000000
000000000000
000000000000
000000000000
000000000000
000000000000
000000000000
000000000000
000000000000
000000000000
000000000000
000000000000
000000000000
000000000000
000000000000
000000000000
000000000000
000000000000
000000000000
000000000000
000000000000
000000000000
000000000000
000000000000
000000000000
000000000000
000000000000
000000000000
000000000000
000000000000
000000000000
000000000000
000000000000
000000000000
000000000000
000000000000
000000000000
000000000000
000000000000
000000000000
000000000000
000000000000
000000000000
000000000000
000000000000
000000000000
000000000000
000000000000
000000000000
000000000000
000000000000
000000000000
000000000000
000000000000
000000000000
000000000000
000000000000
000000000000
000000000000
000000000000
000000000000
000000000000
000000000000
000000000000
000000000000
000000000000
000000000000
000000000000
000000000000
000000000000
000000000000
000000000000
000000000000
000000000000
000000000000
000000000000
000000000000
000000000000
000000000000
000000000000
000000000000
000000000000
000000000000
000000000000
000000000000
000000000000
000000000000
000000000000
000000000000
000000000000
000000000000
000000000000
000000000000
000000000000
000000000000
000000000000
000000000000
000000000000
000000000000
000000000000
000000000000
000000000000
000000000000
000000000000
000000000000
000000000000
000000000000
000000000000
000000000000
000000000000
000000000000
000000000000
000000000000
000000000000
000000000000
000000000000
000000000000
000000000000
000000000000
000000000000
000000000000
000000000000
000000000000
000000000000
000000000000
000000000000
000000000000
000000000000
000000000000
000000000000
000000000000
000000000000
000000000000
000000000000
000000000000
000000000000
000000000000
000000000000
000000000000
000000000000
000000000000
000000000000
000000000000
000000000000
000000000000
000000000000
000000000000
000000000000
000000000000
000000000000
000000000000
000000000000
000000000000
000000000000
000000000000
000000000000
000000000000
000000000000
000000000000
000000000000
000000000000
000000000000
000000000000
000000000000
000000000000
000000000000
000000000000
000000000000
000000000000
000000000000
000000000000
000000000000
000000000000
000000000000
000000000000
000000000000
000000000000
000000000000
000000000000
000000000000
000000000000
000000000000
000000000000
000000000000
000000000000
000000000000
000000000000
000000000000
000000000000
000000000000
000000000000
000000000000
000000000000
000000000000
000000000000
000000000000
000000000000
000000000000
000000000000
000000000000
000000000000
000000000000
000000000000
000000000000
000000000000
000000000000
000000000000
000000000000
000000000000
000000000000
000000000000
000000000000
000000000000
000000000000
000000000000
000000000000
000000000000
000000000000
000000000000
000000000000
000000000000
000000000000
000000000000
000000000000
000000000000
000000000000
000000000000
000000000000
000000000000
000000000000
000000000000
000000000000
000000000000
000000000000
000000000000
000000000000
000000000000
000000000000
000000000000
000000000000
000000000000
000000000000
000000000000
000000000000
000000000000
000000000000
000000000000
000000000000
000000000000
000000000000
000000000000
000000000000
000000000000
000000000000
000000000000
000000000000
000000000000
000000000000
000000000000
000000000000
000000000000
000000000000
000000000000
000000000000
000000000000
000000000000
000000000000
000000000000
000000000000
000000000000
000000000000
000000000000
000000000000
000000000000
000000000000
000000000000
000000000000
000000000000
000000000000
000000000000
000000000000
000000000000
000000000000
000000000000
000000000000
000000000000
000000000000
000000000000
000000000000
000000000000
000000000000
000000000000
000000000000
000000000000
000000000000
000000000000
000000000000
000000000000
000000000000
000000000000
000000000000
000000000000
000000000000
000000000000
000000000000
000000000000
000000000000
000000000000
000000000000
000000000000
000000000000
000000000000
000000000000
000000000000
000000000000
000000000000
000000000000
000000000000
000000000000
000000000000
000000000000
000000000000
000000000000
000000000000
000000000000
000000000000
000000000000
000000000000
000000000000
000000000000
000000000000
000000000000
000000000000
000000000000
000000000000
000000000000
000000000000
000000000000
000000000000
000000000000
000000000000
000000000000
000000000000
000000000000
000000000000
000000000000
000000000000
000000000000
000000000000
000000000000
000000000000
000000000000
000000000000
000000000000
000000000000
000000000000
000000000000
000000000000
000000000000
000000000000
000000000000
000000000000
000000000000
000000000000
000000000000
000000000000
000000000000
000000000000
000000000000
000000000000
000000000000
000000000000
000000000000
000000000000
000000000000
000000000000
000000000000
000000000000
000000000000
000000000000
000000000000
000000000000
000000000000
000000000000
000000000000
000000000000
000000000000
000000000000
000000000000
000000000000
000000000000
000000000000
000000000000
000000000000
000000000000
000000000000
000000000000
000000000000
000000000000
000000000000
000000000000
000000000000
000000000000
000000000000
000000000000
000000000000
000000000000
000000000000
000000000000
000000000000
000000000000
000000000000
000000000000
000000000000
000000000000
000000000000
000000000000
000000000000
000000000000
000000000000
000000000000
000000000000
000000000000
000000000000
000000000000
000000000000
000000000000
000000000000
000000000000
000000000000
000000000000
000000000000
000000000000
000000000000
000000000000
000000000000
000000000000
000000000000
000000000000
000000000000
000000000000
000000000000
000000000000
000000000000
000000000000
000000000000
000000000000
000000000000
000000000000
000000000000
000000000000
000000000000
000000000000
000000000000
000000000000
000000000000
000000000000
000000000000
000000000000
000000000000
000000000000
000000000000
000000000000
000000000000
000000000000
000000000000
000000000000
000000000000
000000000000
000000000000
000000000000
000000000000
000000000000
000000000000
000000000000
000000000000
000000000000
000000000000
000000000000
000000000000
000000000000
000000000000
000000000000
000000000000
000000000000
000000000000
000000000000
000000000000
000000000000
000000000000
000000000000
000000000000
000000000000
000000000000
000000000000
000000000000
000000000000
000000000000
000000000000
000000000000
000000000000
000000000000
000000000000
000000000000
000000000000
000000000000
000000000000
000000000000
000000000000
000000000000
000000000000
000000000000
000000000000
000000000000
000000000000
000000000000
000000000000
000000000000
000000000000
000000000000
000000000000
000000000000
000000000000
000000000000
000000000000
000000000000
000000000000
000000000000
000000000000
000000000000
000000000000
000000000000
000000000000
000000000000
000000000000
000000000000
000000000000
000000000000
000000000000
000000000000
000000000000
000000000000
000000000000
000000000000
000000000000
000000000000
000000000000
000000000000
000000000000
000000000000
000000000000
000000000000
000000000000
000000000000
000000000000
000000000000
000000000000
000000000000
000000000000
000000000000
000000000000
000000000000
000000000000
000000000000
000000000000
000000000000
000000000000
000000000000
000000000000
000000000000
000000000000
000000000000
000000000000
000000000000
000000000000
000000000000
000000000000
000000000000
000000000000
000000000000
000000000000
000000000000
000000000000
000000000000
000000000000
000000000000
000000000000
000000000000
000000000000
000000000000
000000000000
000000000000
000000000000
000000000000
000000000000
000000000000
000000000000
000000000000
000000000000
000000000000
000000000000
000000000000
000000000000
000000000000
000000000000
000000000000
000000000000
000000000000
000000000000
000000000000
000000000000
000000000000
000000000000
000000000000
000000000000
000000000000
000000000000
000000000000
000000000000
000000000000
000000000000
000000000000
000000000000
000000000000
000000000000
000000000000
000000000000
000000000000
000000000000
000000000000
000000000000
000000000000
000000000000
000000000000
000000000000
000000000000
000000000000
000000000000
000000000000
000000000000
000000000000
000000000000
000000000000
000000000000
000000000000
000000000000
000000000000
000000000000
000000000000
000000000000
000000000000
000000000000
000000000000
000000000000
000000000000
000000000000
000000000000
000000000000
000000000000
000000000000
000000000000
000000000000
000000000000
000000000000
000000000000
000000000000
000000000000
000000000000
000000000000
000000000000
000000000000
000000000000
000000000000
000000000000
000000000000
000000000000
000000000000
000000000000
000000000000
000000000000
000000000000
000000000000
000000000000
000000000000
000000000000
000000000000
000000000000
000000000000
000000000000
000000000000
000000000000
000000000000
000000000000
000000000000
000000000000
000000000000
000000000000
000000000000
000000000000
000000000000
000000000000
000000000000
000000000000
000000000000
000000000000
000000000000
000000000000
000000000000
000000000000
000000000000
000000000000
000000000000
000000000000
000000000000
000000000000
000000000000
000000000000
000000000000
000000000000
000000000000
000000000000
000000000000
000000000000
000000000000
000000000000
000000000000
000000000000
000000000000
000000000000
000000000000
000000000000
000000000000
000000000000
000000000000
000000000000
000000000000
000000000000
