000100111000
000100101101
000001011101
000010110001
000000100000
111011011001
000001010001
000101100101
000100110111
000001100000
111111010001
111000100011
000001000100
000000001111
000011001011
000000110101
110011110110
001000001110
011110101101
110001111010
011001100101
001000110010
111111100101
110011011110
011010100010
100000000000
010000011110
100100000010
001101110000
101001110011
001010010110
010110111000
100001011110
000111001011
000010100100
010001111100
110110101100
010110111011
111111110000
111000011100
110000000101
001111101011
011010111010
011111111111
011110100000
011000101000
101010100101
100000000000
000000000101
110100001110
001110011111
000011011101
111010010011
111001100011
101100111101
001001011111
000000101100
011111010101
101001000000
100000110000
000000010100
000101101010
001111101000
111101101110
000001000111
000101001011
010000001001
001011101001
011110101100
010101101011
101111000000
110111100000
110001000110
110010101101
010000111000
001000111101
100011111011
010000000111
100111111000
000110101000
010101011001
001000101010
100000000000
000011001011
001111111110
100000000000
111010110010
000001100001
110111100101
001111101010
001101111101
010110011100
101001100010
100000000000
011001000110
000011011100
111001011111
111000000110
100000000000
100000000000
110010110101
111100000100
110011100011
100000000000
001001001111
001111001111
100000000000
110011001011
001100010100
101010100111
100000000000
011111111111
110101010100
100111100110
001000110001
000010000000
110101111001
001000111000
110101010001
011101111000
001111011110
100000000000
010111001100
111010010101
100011010111
110010001101
011000101000
111110100101
000101100001
111101101111
100000000000
010011010100
101110000000
100000000000
100000000000
000111001110
100000000000
110111000011
011101111111
100001101000
101110110000
110001110011
010010010101
010110110000
110000000110
111101001010
100100110101
010111011001
011111111111
000110111110
110111101110
111010001111
000110111100
100101100010
101111011000
100000000000
001000100101
010010001000
100001100000
100000101101
101000011011
000101000010
000111111000
110010110111
011001110001
100000000000
110010010011
000111101011
000000101011
100001110000
011101111100
101101110000
000010010000
011111111111
000111110000
011111111111
010110010101
110101100000
111101010111
111011110110
101011000010
100011100111
111111011011
001101101000
010011011001
111110111111
111011010001
111111011101
111101110001
100000000000
010101001100
101111111001
110011011110
011111111111
100000000000
011001101111
110001101100
000100110010
001111011101
001011011001
101100111111
101011101101
000101001110
000110100100
100000000000
101011011011
111100010110
111100010100
011111111111
001111101100
111101011110
110101100100
000101000110
000110100011
100000000000
110110001000
111110101000
011111111111
110001110001
001000001010
111110110100
001011010000
010011111110
110110001000
111100111100
101011110010
001100101000
001100011101
001011110001
011111111111
100000000000
011101101100
100000000000
111101011011
010011000110
001011111101
110100100111
001101011010
010101011111
000001011110
111010000111
100101000110
000111010011
011111111111
000111000110
101101111000
000100001100
101001110110
111010110010
110101110000
111000111011
000111110100
100000000000
110100010010
100011111011
000100111001
000101011100
101000000011
010001001110
101110110100
000111010000
011111111111
101110001111
010101010100
100011001001
001000100101
110101011110
000101010010
011111111111
100101101111
001011100001
110010110110
101001001010
100000000000
001001011010
111111110001
011000011101
000000011110
001010100000
011100100001
000111100101
000000110000
000000111111
001011011010
000111011100
100000000000
101100101101
011000100011
100111111110
101000100110
011111001000
101010100010
101111101001
010101101011
001011110000
111111110110
100000000000
110010010101
100000110110
100000000000
001111010010
101011001110
110111000110
100011011010
100110001111
111111101001
010111001100
100000000000
111010111010
101101101111
011000000000
001001100101
010010100110
110000000011
000101101000
000001100111
001000100111
011111111111
101011111110
111001011000
100010110101
111010101001
000101011111
000111110101
000111010100
011011001010
000110001110
101111111001
000111000111
000111001011
000010110010
111011010111
100000000000
111001110001
000011010010
111111011011
000011011111
101001011100
011111111111
000000011111
000110000101
110110000101
010111100011
011111110100
100000000000
000000000000
001100011011
001000101001
011111111111
101100000110
110000110100
111011011110
001110100011
001000011110
100101110111
000001101011
000101110101
110010101010
110010010110
000110100111
010111111100
000111111110
111000001101
100000000000
100110000100
100010101111
000001110101
101111100000
100010100100
100000000000
001010110111
110101010111
000000110111
110110001100
010000111110
001101011110
001110001000
101000000010
000100001101
110101001110
000011100001
001101001111
111101001001
001100110110
000001100101
111110001110
100000000000
001110000000
111000000100
110110101100
110001101110
001100001001
011111111111
010000000101
010100101001
110000010110
100000000000
110110101011
111001000001
100000000000
100100011100
101110011000
001101101011
110011010010
110101011100
111100001111
110110000101
110100011110
010010101010
111110001000
100000000000
001110000011
100011001001
000000000101
100000000000
110110001001
000001101000
101111110010
010101010000
110001100111
110110010010
001111111111
010000101001
001010010000
011111010100
000000110101
010011101100
111110001111
111111001010
111010111100
111000001100
100011111101
011111111111
110100101011
001001111101
000011001100
011110111110
110111101001
010001011110
001000101111
111111101010
111100101101
011111110110
000100001110
011111111111
101111001110
001110101111
100000000000
001001100001
101111001010
101000101010
000001000011
010101000001
101101110011
101111000010
111000000001
011111111111
111011100100
000011101110
100000000000
100000000000
000101111010
111001011100
010010111010
001010000100
100101100110
111111011000
000010000011
000001001100
000100001101
011001110100
000000101000
010000111100
001100011100
100001001011
110100010001
100010100011
010101000001
111000110101
011111111111
101001101001
101010011011
110111111001
101010001011
001000101100
100000000000
100000000000
011111111111
110111001100
000000011100
101011001110
010011100101
100011110001
010011001110
001001100100
101111001001
001010010101
000101010101
000110011101
000011101110
111101010001
111110111111
111011110001
111101101101
111100010111
000010010011
111111110011
000100011001
000010100000
000010100110
111110100000
000000001111
