111101111010
000000001000
000010001110
000011101011
000100111011
111010010000
111011110000
111101011000
111101111010
000000001101
000101011010
000010011110
111110000110
111111111001
000000101010
000111100100
100000000000
001110010010
001100100110
010010110111
000110011001
001000110111
100100001011
001110000111
001001100100
100000000000
101001011001
010001000100
000000011111
000010010000
110100110000
111010010111
001100010010
111001000100
101011001111
110101010010
100000000000
110101000010
101100111011
101110010110
110110011101
110011100110
100000000000
000111011101
111011000100
110100011100
000110100000
001001011101
010011100010
101010101011
100100011011
110011001000
000100010100
111110110001
101111010001
111000110110
100100100011
111110010000
010000010101
111110110010
010010001101
110100010100
100000000000
111010100110
101100110011
110000101001
000100000000
101010011000
001010101011
010100010101
111101010001
011100100111
100000000000
101111111100
111001100001
011111111111
010000111001
001000001011
101001001011
100000000000
010111001100
101110100010
100110110010
011111111111
000101101101
010011110011
101100101000
100000010001
101111111011
000011001000
111100111111
110001100001
010110000110
001010111110
000011110011
000000000010
111010111001
111000101111
001010001110
101100001111
011111111111
111111001011
110010111001
111010011000
011111111111
000001001000
000010110111
111101001000
011111111111
110111011110
010010110011
111101101111
111110011111
001111110110
011111111111
111010111000
100110101000
011111111111
000111111110
001110110000
111111010111
000000100001
010010001111
011011000100
100000000000
111000011000
100000000000
100010101110
100000000000
100101110111
101011011101
111011000001
000100111101
111111010000
001101011101
001001000001
001010110101
010011000011
010110000110
011111111111
010001001000
011111111111
110110011111
010001011011
010010000001
111110010110
000111001000
100000000000
100110111000
110000000110
000111110100
011011110110
010110001000
110111010111
100000000000
010101101001
110011100010
100101101100
001100010011
100000000000
110000000000
011111111111
011111111111
101010101001
111001100111
011111111111
011111111111
000101101101
111001010010
011111111111
111011100011
011110111001
001111100101
001111011101
111000001000
111100111110
100000000000
000111101000
000001111111
001101100101
111001111100
001111011010
111000001001
101001001101
111101101001
000101011011
110011000101
100000000000
010000000001
010010100011
100110111111
100000011111
001110000001
100000000000
101010101100
001100101110
011101001000
011111111111
100000000000
110010011001
100011111111
111011101010
110101010100
011111111111
010001110110
001100001010
001100000101
011001111000
111011000101
101111000101
000010110011
001100010011
001100111010
011111111111
101101011111
110110111111
111010001001
010010100110
010100100110
011110101111
101011110100
111001100100
010000001010
111110001011
111000001110
000000101010
000010101010
010110101001
011111111111
001000111110
001000000010
001000100011
100000000000
111010100101
100111101111
011101100101
011010001110
110000011111
111011011001
011100111111
101010100100
101111111111
110001001100
101111100101
001001011111
100000000000
111001101001
111111001011
111000010101
100000000000
010100010011
111010010101
111001110111
101001001110
101011011011
101101111011
011111111111
010010101100
100010000100
111001010100
100000000000
111011100001
011001010111
110110000011
110001101100
001001111101
001011010110
110000101110
110111001100
000110010111
110001100011
101001111001
110001110100
001110010001
010001110000
010001100011
101111101010
000111100110
100000000000
100000000000
111001001001
111111111111
101111100110
101011010011
000110011101
011001110101
100101001111
000000110110
011100000010
000101101110
011000101111
001100110111
011111111111
011000100010
111100010011
101100011110
000111010110
101011010101
000011000001
100000000000
111011010111
111001000111
010101001011
111011010110
100111111000
110001010011
011111111111
111011101000
001101001100
001011100111
010100000010
011111101110
111100011000
110011001100
110011010000
010011011000
011100010010
001011010010
100010111000
100011001011
101110110010
110011110000
111110000011
100100110111
100011011111
111001010101
010001011001
100011000001
000001100110
101111101101
010111100001
110111010000
100001111001
010101011011
000100011101
101000001110
100010001010
000100010110
000011000100
100010011010
100011100011
110110100111
001111000010
111101110010
101111000100
010110100001
010011111001
100100001000
000101111001
111101000000
011110000011
010100011011
000110101010
000001010110
101000100101
110100010001
100000000000
110001110100
110001101110
000100010111
011111111111
011111111111
101100010100
100000000000
011111111111
111011111111
111111011110
100000000000
110011110011
001101101001
101111010011
011111111111
000000011101
011111111111
110000101110
100011010010
111001010011
011110011011
111101000011
111100110101
111101101001
001100000101
011111111111
110100000001
000000100111
001100111011
110001111110
101001001111
101001011100
000110010010
011001110100
011111111111
101100000010
010010010001
111001110011
100000000000
101101000100
010001110111
110101010110
011111111111
111000100011
000110100111
010010001001
101100110010
111101111010
001110100010
001000000011
110110011000
011000111111
100000000000
100100100001
110111001001
010000000000
000110101001
000101100111
100000000000
110101011011
111111111101
000110000001
101010000000
001100101000
001110010111
110001110111
001010101101
111001110010
001100011110
000000000011
100011111010
011111111111
000011011101
100111000111
111000011001
100111000010
111001100011
010010101011
101111000001
100011000111
001100101011
101000011101
010001100011
010001011011
110000111001
100000000000
000001001100
001110000010
100000101100
110101010101
101101101010
100000000000
010101111101
100010011110
100000000000
001001111101
001001000011
000110011110
000111001010
110100101000
100000000000
000010001010
011111111111
000111011011
100110000011
110001101100
101110110000
111111101110
101110001101
011111111111
010010100000
011011100000
101010110000
001100111110
111011011101
011000010010
010010010000
110111000100
000110101010
001111111110
101001110010
010001101111
010100001111
111111110111
010111101101
101000000110
001010010001
000110100100
011111111111
000010100101
001101001011
110110010110
011111111111
111000110000
101110001101
000001101110
001110101111
010110111001
000011010010
110111011100
111101011110
110110001111
111110110111
111110000111
000100100101
000100001101
000000011100
000001010000
000010011010
000100001100
000010001000
000010111011
000010101101
000010101110
111111010011
